Fecha;X;Temperatura;Humedad;Velocidad;Direccion;Theta
2016-06-16 17:00:00;0.0;29.96;24.54;6.02;0.0;4.39822971502571
2016-06-16 17:30:00;0.0208333333333333;29.59755506939921;24.973045758660867;5.320398309262536;0.0;4.362038271851056
2016-06-16 18:00:00;0.0416666666666666;29.266440795360545;25.073421817847937;5.311710301803361;0.0;4.363477331109452
2016-06-16 18:30:00;0.0625;28.96993212878629;25.048631968570128;5.539244490808564;0.0;4.391181402641451
2016-06-16 19:00:00;0.0833333333333333;28.708789896972;25.10541004727761;5.556778643248582;0.0;4.4337849962876135
2016-06-16 19:30:00;0.1041666666666666;28.386038372002115;25.42055790695008;5.24733276696039;0.0;4.479922621888488
2016-06-16 20:00:00;0.125;27.79427184510515;26.11609278559804;4.906918889431468;0.0;4.51822878928463
2016-06-16 20:30:00;0.1458333333333333;26.9649860165755;27.07349363791449;4.640097963395018;0.0;4.537338008316595
2016-06-16 21:00:00;0.1666666666666666;26.10462070451282;28.040022736840115;4.351883543350988;0.0;4.528256355832019
2016-06-16 21:30:00;0.1875;25.31;29.12;3.72;0.0;4.4995172710902285
2016-06-16 22:00:00;0.2083333333333333;24.587111426478124;30.497428825137664;2.5574034335390725;0.0;4.467510009061504
2016-06-16 22:30:00;0.2291666666666666;23.784601069086094;32.027139419514135;1.6153673344009498;0.0;4.448605430501036
2016-06-16 23:00:00;0.25;22.9117396279085;33.46292225281956;1.4958649214013575;0.0;4.447419006852622
2016-06-16 23:30:00;0.2708333333333333;22.406193335485217;34.54418636204339;1.9378042343580903;0.0;4.442338383407775
2016-06-17 00:00:00;0.2916666666666666;22.06112215467371;36.05694718858813;2.3578145821809744;0.0;4.408202408684764
2016-06-17 00:30:00;0.3125;20.842161041327664;39.96623601170016;1.98966089500964;0.0;4.320717104636173
2016-06-17 01:00:00;0.3333333333333333;18.9734323484551;45.51766917148812;1.3213596077964964;0.0;4.168563977194672
2016-06-17 01:30:00;0.3541666666666666;17.57618413979568;49.98286166764719;1.574523519704498;0.0;3.9504130855548407
2016-06-17 02:00:00;0.375;16.92;51.98;2.18;0.0;3.665191429188092
2016-06-17 02:30:00;0.3958333333333333;16.807338689930784;51.47202393631788;2.121600856460076;0.0;3.330754831247925
2016-06-17 03:00:00;0.4166666666666666;16.74510123569338;51.2820966157836;1.8451242283968985;0.0;3.0406744096161717
2016-06-17 03:30:00;0.4375;16.39391059879436;53.29195328636295;1.8027005627564543;0.0;2.907450105856755
2016-06-17 04:00:00;0.4583333333333333;15.917962235050782;55.72203146018985;1.6514604825908712;0.0;3.04051416278399
2016-06-17 04:30:00;0.4791666666666666;15.401535361651502;57.74019881723819;1.3064049329166447;0.0;3.4300420343213083
2016-06-17 05:00:00;0.5;14.752542572495098;60.29304847752233;1.138846562413281;0.0;3.911290387537104
2016-06-17 05:30:00;0.5208333333333333;14.114848127080505;62.92507676614123;1.2517099676549162;0.0;4.309162406219853
2016-06-17 06:00:00;0.5416666666666666;13.823881527716605;64.00467972189168;1.5168058850645003;0.0;4.472490017937623
2016-06-17 06:30:00;0.5625;14.22;61.87;1.8;0.0;4.426953522254515
2016-06-17 07:00:00;0.5833333333333333;15.367345424059929;56.192696115017085;2.0002169600430024;0.0;4.277497182504525
2016-06-17 07:30:00;0.6041666666666666;16.22846503476229;51.96306924891248;2.148619222076063;0.0;4.129263772415412
2016-06-17 08:00:00;0.625;16.182238881998043;52.23573322853164;2.3098438113778488;0.0;4.050216305424
2016-06-17 08:30:00;0.6458333333333333;16.134201596044893;52.85027110271777;2.544937345766507;0.0;4.0253648392236245
2016-06-17 09:00:00;0.6666666666666666;16.479311391677818;51.730204100746285;2.7394471098530886;0.0;4.028495352929236
2016-06-17 09:30:00;0.6875;16.70420154113582;50.71631726139992;2.5787503445695745;0.0;4.0345633028572365
2016-06-17 10:00:00;0.7083333333333333;16.629885895954153;50.84013687531667;2.1515328275969265;0.0;4.03602298937559
2016-06-17 10:30:00;0.7291666666666666;16.36553634808752;52.24064701129031;1.820453848120933;0.0;4.03879935765432
2016-06-17 11:00:00;0.75;15.9;54.56;1.6;0.0;4.049163864626845
2016-06-17 11:30:00;0.7708333333333333;15.24082501960311;57.15912993515752;1.405296140858747;0.0;4.070660333443815
2016-06-17 12:00:00;0.7916666666666666;14.699011306289185;59.128245706024806;1.3915661130237351;0.0;4.095922052124806
2016-06-17 12:30:00;0.8125;14.472993322998844;60.0452630751599;1.6116602645447426;0.0;4.1148546749066215
2016-06-17 13:00:00;0.8333333333333333;14.34455690573962;60.709623113189295;1.7617964357784994;0.0;4.117548028596602
2016-06-17 13:30:00;0.8541666666666666;14.209863224359914;61.36856425044363;1.7436071781087432;0.0;4.101251648681603
2016-06-17 14:00:00;0.875;14.18959846170851;61.36216611917162;1.7821044781836517;0.0;4.072515785460457
2016-06-17 14:30:00;0.8958333333333333;14.448340633000218;60.38894464368578;2.0152143548409187;0.0;4.038512271657548
2016-06-17 15:00:00;0.9166666666666666;15.136037221717029;58.51705742678996;2.473229962937324;0.0;4.006321186845548
2016-06-17 15:30:00;0.9375;16.13;56.16;3.01;0.0;3.982344497460221
2016-06-17 16:00:00;0.9583333333333331;17.276300602769883;53.7044736292884;3.440946331201413;0.0;3.972680237622281
2016-06-17 16:30:00;0.9791666666666666;18.783714095272856;50.82948129007847;3.740025236805094;0.0;3.983392757424887
2016-06-17 17:00:00;1.0;20.618743414988764;47.66120776310242;3.9536802137835534;0.0;4.013709325435761
2016-06-17 17:30:00;1.0208333333333333;22.02189357302528;45.67710797978228;4.1945940422319765;0.0;4.0476027783286
2016-06-17 18:00:00;1.0416666666666663;22.834789617561093;44.86254332428575;4.315471714451094;0.0;4.066981928165647
2016-06-17 18:30:00;1.0625;23.761697367087997;43.17319023611699;3.8705704134299648;0.0;4.055742093578342
2016-06-17 19:00:00;1.0833333333333333;24.83439018774696;40.71871475872605;3.170818849196692;0.0;4.02750261741866
2016-06-17 19:30:00;1.1041666666666663;25.57436560889457;39.17641522460336;2.996155865914816;0.0;4.018764455243002
2016-06-17 20:00:00;1.125;25.89;38.77;3.17;0.0;4.066617157146788
2016-06-17 20:30:00;1.1458333333333333;25.92767574920794;38.93842336539617;3.248929067944649;0.0;4.186991036150958
2016-06-17 21:00:00;1.1666666666666663;26.06587946375582;38.66948134713782;3.4613147034614595;0.0;4.311179456978528
2016-06-17 21:30:00;1.1875;26.501589039941155;37.55142754981871;3.919420511716738;0.0;4.349316547278032
2016-06-17 22:00:00;1.2083333333333333;26.906046292535887;36.73200473707279;4.111746617897913;0.0;4.2139944046312925
2016-06-17 22:30:00;1.2291666666666663;27.22238507429649;36.33152301332427;3.9033900778170816;0.0;3.913358707776736
2016-06-17 23:00:00;1.25;27.81187813695239;34.97662145065329;3.750471754079182;0.0;3.5796826170838774
2016-06-17 23:30:00;1.2708333333333333;28.63142132571265;32.99248910588671;4.000868867909996;0.0;3.3535349414470943
2016-06-18 00:00:00;1.2916666666666663;29.319201581954065;31.895151236107715;4.771171400058348;0.0;3.3519067186944493
2016-06-18 00:30:00;1.3125;29.62;31.76;5.31;0.0;3.517534522367145
2016-06-18 01:00:00;1.3333333333333333;29.450846545441298;31.985651799190894;4.907042221728479;0.0;3.71505355934926
2016-06-18 01:30:00;1.3541666666666663;29.210816148256644;31.90895891026781;4.561874313062153;0.0;3.8090620414067007
2016-06-18 02:00:00;1.375;29.276717593535743;31.17932024223996;4.984758192184945;0.0;3.734416581909916
2016-06-18 02:30:00;1.3958333333333333;29.6972572976573;30.181338922738007;5.298796986510404;0.0;3.582729567620634
2016-06-18 03:00:00;1.4166666666666663;30.1161943695529;29.565659226481472;4.993280670265022;0.0;3.466823468803839
2016-06-18 03:30:00;1.4375;29.793716664558783;30.093620231654835;4.335657411021159;0.0;3.490482486259824
2016-06-18 04:00:00;1.4583333333333333;29.25193350794506;30.948527860518453;3.9561290144156183;0.0;3.6222515295394415
2016-06-18 04:30:00;1.4791666666666663;29.691905791610605;30.55680588279979;4.683967227085423;0.0;3.7265680339891536
2016-06-18 05:00:00;1.5;30.0;30.78;7.05;0.0;3.665191429188092
2016-06-18 05:30:00;1.5208333333333333;28.70535127722153;33.903802964151986;10.82862037046197;0.0;3.3476468730588067
2016-06-18 06:00:00;1.5416666666666663;27.095712051655124;37.70690136382891;13.321956987960789;0.0;2.87452243689746
2016-06-18 06:30:00;1.5625;26.464502869805973;39.71627262401133;12.90490760563911;0.0;2.3941719203436134
2016-06-18 07:00:00;1.5833333333333333;26.57289379753955;39.45496636659696;11.6949553131781;0.0;2.052581527253577
2016-06-18 07:30:00;1.6041666666666663;26.911889997659262;38.1626236258884;10.999388189405895;0.0;1.9036971754090437
2016-06-18 08:00:00;1.625;26.932812278048413;38.7367752756894;10.451340444379332;0.0;1.8819011955365987
2016-06-18 08:30:00;1.6458333333333333;26.713451432352254;40.79329872648432;10.199461320694832;0.0;1.913585282594297
2016-06-18 09:00:00;1.6666666666666663;26.75016852927496;41.69825381438502;10.689505435630252;0.0;1.93201287494537
2016-06-18 09:30:00;1.6875;27.05;41.51;10.99;0.0;1.921233889556971
2016-06-18 10:00:00;1.7083333333333333;27.417942600776303;41.293251811817385;10.079902842253317;0.0;1.888060893425921
2016-06-18 10:30:00;1.7291666666666663;27.74926887868331;41.196497573321565;9.064901519916916;0.0;1.8394389019331567
2016-06-18 11:00:00;1.75;27.918389852124683;41.197448121707644;8.83398717695837;0.0;1.7876293378627006
2016-06-18 11:30:00;1.7708333333333333;27.712626424996216;41.39630384213989;8.625037754032006;0.0;1.7567552310818777
2016-06-18 12:00:00;1.7916666666666663;27.314898628293903;41.48561752332706;8.313744273941337;0.0;1.772544564636302
2016-06-18 12:30:00;1.8125;27.380564398761592;40.69959868774144;8.792379376855388;0.0;1.8576228170198985
2016-06-18 13:00:00;1.8333333333333333;27.72341328246701;39.651891009809454;9.44096670924554;0.0;1.9881928060271727
2016-06-18 13:30:00;1.8541666666666663;27.613952813045845;39.73961357240099;8.720599434220478;0.0;2.1047210933201703
2016-06-18 14:00:00;1.875;27.28;40.12;7.3;0.0;2.146754979953025
2016-06-18 14:30:00;1.8958333333333333;27.222271604355758;39.47833246799148;6.450308943765799;0.0;2.0767377718370392
2016-06-18 15:00:00;1.9166666666666663;27.28810537833637;38.6705565115784;5.845350822647603;0.0;1.948696794312195
2016-06-18 15:30:00;1.9375;27.24013308081481;38.5220280003956;5.28615405427953;0.0;1.83955537757564
2016-06-18 16:00:00;1.9583333333333333;27.019291926329405;38.58714245909051;5.71613326422343;0.0;1.8253168931359856
2016-06-18 16:30:00;1.9791666666666663;26.64852643717218;38.7223470984876;6.822816461979522;0.0;1.946221318484709
2016-06-18 17:00:00;2.0;26.218933388930463;39.360441466169846;6.613027749359616;0.0;2.196050717341849
2016-06-18 17:30:00;2.020833333333333;25.717417109540804;40.3535360974001;5.33383734465715;0.0;2.5654822928535976
2016-06-18 18:00:00;2.0416666666666665;25.081232136922104;41.19296009651122;4.778520649657676;0.0;3.0405000060080707
2016-06-18 18:30:00;2.0625;24.5;42.23;4.77;0.0;3.5724018249686718
2016-06-18 19:00:00;2.083333333333333;24.14332805416265;44.680982377446746;4.544556302037218;0.0;4.0969393532501
2016-06-18 19:30:00;2.1041666666666665;23.646401540488384;51.642590787407975;4.601582992964075;0.0;4.5499478000576286
2016-06-18 20:00:00;2.125;22.81155593424957;62.906872184468014;5.244181228366211;0.0;4.90053314564017
2016-06-18 20:30:00;2.145833333333333;22.10488859701476;70.01326908223278;5.643216945453714;0.0;5.192032854697875
2016-06-18 21:00:00;2.1666666666666665;21.75857265602756;70.28881431020162;5.358399255622566;0.0;5.477828398283716
2016-06-18 21:30:00;2.1875;21.58499534891376;69.76818721269616;4.645530086787821;0.0;5.804977792245519
2016-06-18 22:00:00;2.208333333333333;21.401661138398044;70.71078654382467;3.650548845421652;0.0;6.1259214263988016
2016-06-18 22:30:00;2.2291666666666665;21.063225597197665;72.19905981821111;2.459819212255381;0.0;6.3202628546777975
2016-06-18 23:00:00;2.25;20.51;74.65;1.61;0.0;6.265732014659642
2016-06-18 23:30:00;2.270833333333333;19.80370415033994;78.49105726188482;1.593754170041879;0.0;5.899011949390836
2016-06-19 00:00:00;2.2916666666666665;19.338448550813567;81.65174707233642;1.916910857407479;0.0;5.392598123795255
2016-06-19 00:30:00;2.3125;19.37086028604237;82.53778259754768;2.063264528378204;0.0;4.977939108266146
2016-06-19 01:00:00;2.333333333333333;19.66494019320413;82.01521982953159;2.019013677963287;0.0;4.881692473109261
2016-06-19 01:30:00;2.3541666666666665;19.918033549568825;81.2830152695029;1.8383353589702276;0.0;5.144265660228975
2016-06-19 02:00:00;2.375;19.842704750882284;81.4755815754341;1.578458369242609;0.0;5.564120607111169
2016-06-19 02:30:00;2.395833333333333;19.379241298973515;82.76156426937594;1.3422746545713091;0.0;5.923549625946413
2016-06-19 03:00:00;2.4166666666666665;18.64983636814657;84.57533898686094;1.2481567076247295;0.0;6.031441250997244
2016-06-19 03:30:00;2.4375;17.830000000000016;86.39999999999996;1.269999999999999;0.0;5.893246720276665
2016-06-19 04:00:00;2.458333333333333;17.09542177093729;87.89325041557007;1.3268249606904454;0.0;5.602517257411024
2016-06-19 04:30:00;2.4791666666666665;16.534946552800985;89.2884143212997;1.378463931500446;0.0;5.253170780645846
2016-06-19 05:00:00;2.5;16.181088841318548;90.68137022504705;1.3904196116345249;0.0;4.928764481881981
2016-06-19 05:30:00;2.520833333333333;15.98923129646621;91.5531355453525;1.3199118835439756;0.0;4.689739404147464
2016-06-19 06:00:00;2.5416666666666665;15.909811108285632;91.82571146608562;1.2010477491522726;0.0;4.593408824026633
2016-06-19 06:30:00;2.5625;15.897735635271436;92.07242321605112;1.160434085497863;0.0;4.689931808588176
2016-06-19 07:00:00;2.583333333333333;15.868174458664855;92.43373719885528;1.1939791363342422;0.0;4.922419252888558
2016-06-19 07:30:00;2.6041666666666665;15.741101161277191;92.70992392827236;1.206577125641804;0.0;5.151576157192676
2016-06-19 08:00:00;2.625;15.699999999999998;92.9;1.2099999999999995;0.0;5.235987755982991
2016-06-19 08:30:00;2.645833333333333;15.939332235733836;93.04140533276365;1.2415535964110591;0.0;5.081930998770496
2016-06-19 09:00:00;2.6666666666666665;16.224735680478886;92.95331592865718;1.2446532305773124;0.0;4.786449695180285
2016-06-19 09:30:00;2.6875;16.333617314514168;92.5918943530918;1.1889617164363284;0.0;4.494279369865993
2016-06-19 10:00:00;2.708333333333333;16.312054303153204;92.33463768908209;1.1533819443696618;0.0;4.346219178218596
2016-06-19 10:30:00;2.7291666666666665;16.343034372094802;92.35281929016264;1.1559597607315173;0.0;4.330041920543431
2016-06-19 11:00:00;2.75;16.720399016303578;92.44186185540497;1.1305970636378648;0.0;4.234733749381855
2016-06-19 11:30:00;2.770833333333333;17.444041848521888;91.8848573945092;1.22090471351056;0.0;3.8359955710137688
2016-06-19 12:00:00;2.7916666666666665;18.29385565180334;89.75071088085697;1.6383856720163943;0.0;2.9580197713953376
2016-06-19 12:30:00;2.8125;19.14;86.3;1.87;0.0;1.7833810784652624
2016-06-19 13:00:00;2.833333333333333;19.921976457619348;82.12201843036577;1.4846263817348813;0.0;0.6552822465899661
2016-06-19 13:30:00;2.8541666666666665;20.68402023178207;76.97252685629195;1.679922233406712;0.0;-0.0830324214964728
2016-06-19 14:00:00;2.875;21.44145693190204;71.00859961797899;3.2135199106864665;0.0;-0.2401383955282917
2016-06-19 14:30:00;2.895833333333333;22.0890224935918;65.73043956195843;4.962205111613598;0.0;0.0366588907151711
2016-06-19 15:00:00;2.9166666666666665;22.59662311098677;62.03704563860277;6.032700021695706;0.0;0.5542216193131964
2016-06-19 15:30:00;2.9375;23.04930248685812;59.78551939669183;6.19284739624322;0.0;1.119411972345046
2016-06-19 16:00:00;2.958333333333333;23.4783941524847;58.44632673482231;5.696111162672906;0.0;1.5390921318899775
2016-06-19 16:30:00;2.9791666666666665;23.867749868622205;57.24480848219804;5.137299215140289;0.0;1.620124280027278
2016-06-19 17:00:00;3.0;24.2;55.400000000000006;5.12;0.0;1.169370598836201
