Fecha;X;Temperatura;Humedad;Velocidad;Direccion
2015-07-07 20:30:00;0.0;22.4;66.0;0.36;251.0
2015-07-07 21:00:00;0.032520325203252036;22.04534066555593;63.112327624572366;0.28682827579009557;236.73991883226938
2015-07-07 21:30:00;0.06504065040650407;21.607547036286775;62.9861460336703;0.7111522206100378;237.90485569259454
2015-07-07 22:00:00;0.0975609756097561;21.144214078845916;64.35641176363575;1.2306147179394233;245.12621175396967
2015-07-07 22:30:00;0.13008130081300814;20.712936759886702;65.95808135081064;1.4428586512578478;249.03538818938887
2015-07-07 23:00:00;0.1626016260162602;20.36334339646725;66.78782041834273;1.1109300377587885;243.22239785267791
2015-07-07 23:30:00;0.1951219512195122;20.109899799295373;66.99740343616546;0.7279168865701153;234.33571697944348
2015-07-08 00:00:00;0.22764227642276424;19.945707250030626;67.00633843860857;0.8126722251582504;229.87546009438447
2015-07-08 00:30:00;0.2601626016260163;19.8097707899324;66.99833969655712;1.0698843923489885;224.59051660688536
2015-07-08 01:00:00;0.29268292682926833;19.647048523271852;66.94639294056088;1.0559962357329495;213.42817318049438
2015-07-08 01:30:00;0.3252032520325204;19.507835096907883;66.12955105070837;0.7540525451143297;210.2953614740815
2015-07-08 02:00:00;0.3577235772357724;19.450132718054554;64.01313979710653;0.3405384519701089;228.6181404733055
2015-07-08 02:30:00;0.3902439024390244;19.40740872965493;62.09654618423002;0.3181484828682958;249.84230222516334
2015-07-08 03:00:00;0.42276422764227645;19.283548345172324;62.04491314001054;1.0701602113464328;251.25401791369805
2015-07-08 03:30:00;0.4552845528455285;19.037152698748294;62.92154646148732;1.7769103106508455;242.68663289366367
2015-07-08 04:00:00;0.48780487804878053;18.66231150786661;63.292376647326066;1.4870524114230952;241.710198953815
2015-07-08 04:30:00;0.5203252032520326;18.250208925382548;63.83993701616275;0.7837686409079931;247.98789077703756
2015-07-08 05:00:00;0.5528455284552846;17.972160594571093;65.4082843147158;0.5973646287679895;252.16893512531786
2015-07-08 05:30:00;0.5853658536585367;18.27341746391485;65.37635658944995;0.7152472950380923;228.7100740943113
2015-07-08 06:00:00;0.6178861788617886;19.548745653064056;60.72974920803798;0.6063319770100484;156.40994148098102
2015-07-08 06:30:00;0.6504065040650407;21.245008961962586;53.985547930352645;0.38276885106654124;78.5891664820993
2015-07-08 07:00:00;0.6829268292682927;22.56689012880691;49.2634693081274;0.3425479785982281;53.54575019437045
2015-07-08 07:30:00;0.7154471544715448;23.535670374368028;47.16346159313198;0.3698194355137246;74.06105262190724
2015-07-08 08:00:00;0.7479674796747968;24.47293102878406;46.81247016506851;0.2781913562286112;107.64014364152041
2015-07-08 08:30:00;0.7804878048780488;25.48905351749853;47.011289731876644;0.5553915730208502;130.49576658141652
2015-07-08 09:00:00;0.8130081300813009;26.577924029305606;46.63051097243904;1.801638210423998;126.5612420088517
2015-07-08 09:30:00;0.8455284552845529;27.539020840789124;46.049645088569456;3.3487752904970467;109.0090841505124
2015-07-08 10:00:00;0.878048780487805;28.123309907350087;46.17784574215969;4.167856248343269;101.03889094997022
2015-07-08 10:30:00;0.910569105691057;28.371876106416526;46.84259881464089;4.7921491162403065;103.1487807440546
2015-07-08 11:00:00;0.9430894308943091;28.465543595637303;47.37848304006113;6.235032382464861;105.95108005309199
2015-07-08 11:30:00;0.9756097560975611;28.6238692954678;47.21010438271757;7.501660707068508;105.66281472484785
2015-07-08 12:00:00;1.0081300813008132;29.044677900561172;45.88826267626745;6.9152658275371355;101.87145771210109
2015-07-08 12:30:00;1.0406504065040652;29.580638431435528;43.65972682835212;5.34465033286825;99.45996974796373
2015-07-08 13:00:00;1.0731707317073171;29.918014391556248;41.154791407533246;4.784764364428486;104.7011738724399
2015-07-08 13:30:00;1.1056910569105691;29.82679822375694;39.27270861510298;5.66993900720251;112.1267099812746
2015-07-08 14:00:00;1.1382113821138213;29.15903697814631;38.96538548284058;7.507508037776212;111.4773854760865
2015-07-08 14:30:00;1.1707317073170733;28.1193660081599;40.331812161862715;8.929883584472062;106.56241784235515
2015-07-08 15:00:00;1.2032520325203253;27.099961160014008;42.917714972066335;8.313820636979825;107.76574611344383
2015-07-08 15:30:00;1.2357723577235773;26.408147866448523;45.47653838305441;6.336726713151121;112.44509163084292
2015-07-08 16:00:00;1.2682926829268295;26.252848996959447;46.51081927538752;4.866415696278814;111.43121036969582
2015-07-08 16:30:00;1.3008130081300815;26.328848545943217;46.74610656446143;4.153652301203434;107.34738277336464
2015-07-08 17:00:00;1.3333333333333335;26.070338304284174;48.0782694012471;3.5303925857758616;109.12883844624348
2015-07-08 17:30:00;1.3658536585365855;25.498151542570515;50.305177960392875;3.17213374747629;115.3159131021163
2015-07-08 18:00:00;1.3983739837398375;24.981378756896888;52.045531311998296;3.6885909161188843;118.0736970886574
2015-07-08 18:30:00;1.4308943089430897;24.56187747012056;53.91635240545823;4.354594914732062;113.07766250995552
2015-07-08 19:00:00;1.4634146341463417;24.069816164328426;57.70416152398489;3.692898299799679;100.32166124419638
2015-07-08 19:30:00;1.4959349593495936;23.455735174445877;63.005518257179496;2.015586926358701;104.47387356602889
2015-07-08 20:00:00;1.5284552845528456;22.759030864355367;67.96196563741458;0.8027492737054105;162.39512137033265
2015-07-08 20:30:00;1.5609756097560976;22.05605376357189;71.79504366759618;0.40173301040362974;244.28545530848643
2015-07-08 21:00:00;1.5934959349593498;21.444520853995634;74.54182834628205;0.3370371881276867;276.8614508175791
2015-07-08 21:30:00;1.6260162601626018;20.96217174795461;76.41159554382735;0.3505510270939871;259.6502778763322
2015-07-08 22:00:00;1.6585365853658538;20.599001257368275;77.72258451332594;0.3661028685728556;245.49197447207584
2015-07-08 22:30:00;1.6910569105691058;20.313797330757343;78.67599459880375;0.3626441215648963;248.1631970551991
2015-07-08 23:00:00;1.723577235772358;20.042993122591344;79.37462346959275;0.3583780391227316;250.30648303516838
2015-07-08 23:30:00;1.75609756097561;19.745703807738174;79.8577385857421;0.35925911387682785;247.2907734416523
2015-07-09 00:00:00;1.788617886178862;19.403105982440096;80.1553913302522;0.3604362449711791;245.27080937474716
2015-07-09 00:30:00;1.821138211382114;19.047222645631845;81.02736229487083;0.3602159822026666;243.12303176834018
2015-07-09 01:00:00;1.853658536585366;18.74958180688379;83.65792863445974;0.3598625293424382;233.81608047161671
2015-07-09 01:30:00;1.8861788617886182;18.511037195679634;85.33406586783342;0.35990408721570727;222.45583685477646
2015-07-09 02:00:00;1.9186991869918701;18.270267365783802;80.21112675485996;0.36011544200134116;224.35512673874882
2015-07-09 02:30:00;1.9512195121951221;18.01705971577654;70.30781473272829;0.36016239160879415;236.90652871314555
2015-07-09 03:00:00;1.9837398373983741;17.791372107342152;64.7924660865787;0.3596842647050877;240.99845022067984
2015-07-09 03:30:00;2.0162601626016263;17.636800607293527;65.54061364295534;0.35944085417832455;231.7473967936293
2015-07-09 04:00:00;2.048780487804878;17.596187737383264;67.13928832814727;0.3611109639930261;219.34769889299125
2015-07-09 04:30:00;2.0813008130081303;17.654562124625155;67.05157719800336;0.36209961863934026;226.59024003759376
2015-07-09 05:00:00;2.1138211382113825;17.743880594581704;66.0232853711319;0.35600994692318083;285.4682735774554
2015-07-09 05:30:00;2.1463414634146343;17.950400257448315;65.65634308930146;0.3520710895077968;349.7272274641915
2015-07-09 06:00:00;2.1788617886178865;18.520867249314758;68.17771742345047;0.3743323992152519;294.131354274743
2015-07-09 06:30:00;2.2113821138211383;19.51664430119595;72.16741087317513;0.3899245659021756;131.088707662225
2015-07-09 07:00:00;2.2439024390243905;20.782357318864634;72.26476445432709;0.3085924289349695;26.751849165165194
2015-07-09 07:30:00;2.2764227642276427;22.109750088096995;67.76301436450272;0.2471755317030427;33.35332647788375
2015-07-09 08:00:00;2.3089430894308944;23.24787033021986;63.50954734879775;0.5576831991420689;62.77789945849935
2015-07-09 08:30:00;2.3414634146341466;24.1318916105022;61.28537529241617;1.2945278693997013;71.54319861590511
2015-07-09 09:00:00;2.3739837398373984;24.92041751998011;58.83010324512765;2.1380639954931278;79.48239943182485
2015-07-09 09:30:00;2.4065040650406506;25.582013134890722;55.90350696235742;2.8722948582201884;93.17479655786698
2015-07-09 10:00:00;2.439024390243903;25.837264524874463;55.070148273838235;3.441641141187562;97.91284844243692
2015-07-09 10:30:00;2.4715447154471546;25.794836720651805;56.46243348676957;3.8204062861162313;91.51985471015611
2015-07-09 11:00:00;2.504065040650407;26.08494839637352;56.81668383511266;4.013833125548417;89.94976445535
2015-07-09 11:30:00;2.536585365853659;26.78139051599521;55.40863362202441;4.253749492672449;98.43707778842546
2015-07-09 12:00:00;2.569105691056911;27.151823958125437;55.29283121769578;5.066321647341083;105.81612918734814
2015-07-09 12:30:00;2.601626016260163;27.02044445708483;57.165941194432;6.209500293767685;106.41600070094431
2015-07-09 13:00:00;2.6341463414634148;27.08715181715307;57.97538761967758;6.325995338971758;104.20560526654364
2015-07-09 13:30:00;2.666666666666667;27.4187029256553;57.30455379221621;5.339490149274644;102.71594407386716
2015-07-09 14:00:00;2.699186991869919;27.035821678357316;59.10670430812611;5.211870790081445;103.65593339704867
2015-07-09 14:30:00;2.731707317073171;25.568479914756743;64.97524725700585;6.593771163655075;106.61131467320303
2015-07-09 15:00:00;2.764227642276423;23.739580750117717;72.22929099577024;7.815477784468154;108.13032079264724
2015-07-09 15:30:00;2.796747967479675;22.175058628763257;78.59320283272571;7.712904791492749;109.36853803903223
2015-07-09 16:00:00;2.829268292682927;21.181516468088738;83.07893421098191;6.293550335762333;119.34932446337744
2015-07-09 16:30:00;2.8617886178861793;20.877183596785553;85.10838273623959;4.040172530103268;135.57429329414484
2015-07-09 17:00:00;2.894308943089431;21.10652885311979;84.61140570349897;2.059968983566052;134.68780908681217
2015-07-09 17:30:00;2.9268292682926833;21.60373267058751;82.39727925399629;1.0191498474659122;111.22177490278679
2015-07-09 18:00:00;2.959349593495935;21.955176673518018;80.7557755206764;0.6804246768688875;95.36707152741117
2015-07-09 18:30:00;2.9918699186991873;21.94307858775412;81.01191513162016;0.6978064566320595;100.4589545927752
2015-07-09 19:00:00;3.0243902439024395;21.746299818833368;82.38814808059696;0.6996546758109706;101.30892918800174
2015-07-09 19:30:00;3.0569105691056913;21.53379940326281;84.00031126382184;0.5086447197239667;87.12313415692451
2015-07-09 20:00:00;3.0894308943089435;21.368872272983435;85.21264392051226;0.3342589073570989;83.61328967263512
2015-07-09 20:30:00;3.1219512195121952;21.268333245576116;85.75895666017084;0.3183590091070326;99.48485058613855
2015-07-09 21:00:00;3.1544715447154474;21.178896961567766;86.07278323219843;0.3711951612704094;99.88997277045469
2015-07-09 21:30:00;3.1869918699186996;21.07150999191901;86.51964768860014;0.3957618036683719;74.81177375229831
2015-07-09 22:00:00;3.2195121951219514;20.98767253165781;87.1329290027124;0.34116603828732767;79.03689586686048
2015-07-09 22:30:00;3.2520325203252036;20.94471990923453;87.76961343246181;0.2593465265774284;139.26799506328942
2015-07-09 23:00:00;3.284552845528456;20.884992595243375;87.98798521047317;0.4195465714530459;200.09275253000132
2015-07-09 23:30:00;3.3170731707317076;20.759364451043734;87.76436401126392;0.8702503860207679;221.83431269777387
2015-07-10 00:00:00;3.34959349593496;20.56302700700547;88.15576910398639;1.069913419793582;228.39474237745782
2015-07-10 00:30:00;3.3821138211382116;20.294145638118653;89.68319610779128;0.7185683355666396;239.53543594564456
2015-07-10 01:00:00;3.414634146341464;19.94252470506907;91.16012448502389;0.32288435660888026;242.16924507978644
2015-07-10 01:30:00;3.447154471544716;19.52898213936179;92.09687010430156;0.27732195275052246;229.0789465290755
2015-07-10 02:00:00;3.4796747967479678;19.15786073520767;94.47485660099204;0.3689463688685776;221.13837208611253
2015-07-10 02:30:00;3.51219512195122;18.896180284698726;97.81299568888197;0.3822377295520862;232.36488440303498
2015-07-10 03:00:00;3.5447154471544717;18.67345996117603;93.88014963694995;0.35795939770279184;245.99210483544343
2015-07-10 03:30:00;3.577235772357724;18.42617347791396;78.94460798899749;0.35484352580946354;247.69603992451786
2015-07-10 04:00:00;3.609756097560976;18.176357764449058;65.78586727724249;0.3601959607600133;244.82728920472798
2015-07-10 04:30:00;3.642276422764228;17.956987570217223;64.24087165095436;0.3581161954540074;245.11559957868175
2015-07-10 05:00:00;3.67479674796748;17.78858840606258;66.64863094974227;0.36081563627376717;245.98312611795805
2015-07-10 05:30:00;3.707317073170732;17.78577788823935;65.90189885165762;0.37268930010869145;238.37185008163823
2015-07-10 06:00:00;3.739837398373984;18.36517516861706;66.81476075900635;0.35728491140901136;198.92519682474094
2015-07-10 06:30:00;3.7723577235772363;19.755491539690087;73.21921919570006;0.3114232390077352;119.89694749992682
2015-07-10 07:00:00;3.804878048780488;21.373516277105207;78.06061124591751;0.36758045779088006;54.05973043183513
2015-07-10 07:30:00;3.8373983739837403;22.662752939782983;75.12399770203677;0.6417759317495927;45.24892455179901
2015-07-10 08:00:00;3.8699186991869925;23.73433303451247;68.80887890350844;1.0970733579812402;63.554082367416015
2015-07-10 08:30:00;3.9024390243902443;24.773734177631205;64.38414907823008;1.6983004812239673;73.62955522106276
2015-07-10 09:00:00;3.9349593495934965;25.713951609080215;61.971089731959864;2.5362825661734405;78.0875626219278
2015-07-10 09:30:00;3.9674796747967482;26.43077649461723;60.524705245586865;3.730391707531496;88.14030930368291
2015-07-10 10:00:00;4.0;26.8;59.0;5.3999999999999995;115.0
