Fecha;X;Temperatura;Humedad;Velocidad;Direccion
2016-06-16 17:00:00;0.0;23.753846153846155;27.0;3.96;252.0
2016-06-16 17:30:00;0.0375;23.753846135195662;28.488864015438338;3.026198904946898;249.85111649323053
2016-06-16 18:00:00;0.075;23.753846153846155;29.0;4.68;253.0
2016-06-16 18:30:00;0.11249999999999999;23.753846172496644;29.261135984561665;6.693801095053101;257.6488835067695
2016-06-16 19:00:00;0.15;23.753846153846155;29.999999999999996;6.840000000000001;260.0
2016-06-16 19:30:00;0.1875;23.753846097894684;31.716592046315004;3.903596714840695;257.8033494796916
2016-06-16 20:00:00;0.22499999999999998;23.753846153846155;34.0;0.7200000000000001;255.0
2016-06-16 20:30:00;0.2625;23.753846359001546;36.37249583017832;0.10181204558411655;254.7627185744643
2016-06-16 21:00:00;0.3;23.75384615384615;39.0;0.7199999999999998;251.0
2016-06-16 21:30:00;0.33749999999999997;23.753845389176067;42.043424632971714;0.7291551028228351;236.64577622245145
2016-06-16 22:00:00;0.375;23.753846153846155;45.0;0.36;210.0
2016-06-16 22:30:00;0.4125;23.75384900737112;47.45380563793481;0.22156754312454305;177.0291765357302
2016-06-16 23:00:00;0.44999999999999996;23.753846153846155;50.0;0.36;169.0
2016-06-16 23:30:00;0.4875;23.753835504416372;53.14135281528903;0.6345747246789936;207.487517634628
2016-06-17 00:00:00;0.525;23.753846153846155;56.0;0.7200000000000001;250.0
2016-06-17 00:30:00;0.5625;23.753885898040313;57.48078310090906;0.4351335581594836;253.6457529257579
2016-06-17 01:00:00;0.6;23.753846153846155;57.0;0.3599999999999992;238.00000000000006
2016-06-17 01:30:00;0.6375;23.75369782649932;54.68551478107474;0.9548910426830713;230.92947066234058
2016-06-17 02:00:00;0.6749999999999999;23.75384615384615;53.00000000000001;1.4399999999999997;231.0
2016-06-17 02:30:00;0.7125;23.754399719039345;54.027157774792016;1.1453022711082244;231.2613644248799
2016-06-17 03:00:00;0.75;23.753846153846155;56.0;1.08;232.0
2016-06-17 03:30:00;0.7875;23.751780220420226;56.83085411975719;2.15889987288403;234.40007163813988
2016-06-17 04:00:00;0.825;23.753846153846155;57.0;3.2399999999999993;235.99999999999997
2016-06-17 04:30:00;0.8624999999999999;23.76155632235668;57.39942574617921;3.1340982373556505;234.38834902256067
2016-06-17 05:00:00;0.8999999999999999;23.753846153846155;58.0;2.52;231.0
2016-06-17 05:30:00;0.9375;23.725071413229983;58.44644289552597;2.2697071776933666;228.17153227161745
2016-06-17 06:00:00;0.975;23.75384615384616;58.00000000000001;2.160000000000001;228.0
2016-06-17 06:30:00;1.0125;23.861234947800327;56.064802671716926;1.8270730518708846;231.1755218909695
2016-06-17 07:00:00;1.05;23.753846153846155;53.0;1.4400000000000002;233.0
2016-06-17 07:30:00;1.0875;23.271334949414875;49.419346417606356;1.2670006148231006;230.50138016450455
2016-06-17 08:00:00;1.125;23.1;46.0;1.4400000000000002;233.0
2016-06-17 08:30:00;1.1624999999999999;23.85246371607864;43.257811657857715;1.9249244888367143;245.81895745101232
2016-06-17 09:00:00;1.2;24.999999999999993;41.000000000000014;2.160000000000001;246.0000000000001
2016-06-17 09:30:00;1.2375;25.900540955501317;38.92440695096288;1.6983014298300356;216.34779003144615
2016-06-17 10:00:00;1.275;26.599999999999998;37.00000000000001;1.0800000000000025;191.00000000000006
2016-06-17 10:30:00;1.3125;27.25787246191608;35.29456053829082;0.9118697918431478;201.53988242320335
2016-06-17 11:00:00;1.3499999999999999;27.799999999999997;34.0;1.0799999999999987;218.0
2016-06-17 11:30:00;1.3875;28.180469196834366;33.1473508958739;1.314219402797375;208.86768027574036
2016-06-17 12:00:00;1.425;28.7;32.0;1.4400000000000002;198.0
2016-06-17 12:30:00;1.4625;29.520250750746456;30.241035878213623;1.4362525969673499;209.11439647383523
2016-06-17 13:00:00;1.5;29.9;30.0;1.8;210.0
2016-06-17 13:30:00;1.5374999999999999;29.2385278001798;32.88850559127163;2.8857702093332196;170.42473382891876
2016-06-17 14:00:00;1.575;28.4;35.99999999999999;3.9599999999999955;124.00000000000021
2016-06-17 14:30:00;1.6125;28.288138048534375;36.45494175669979;4.255666565699743;107.936668210491
2016-06-17 15:00:00;1.65;28.499999999999996;36.0;3.9600000000000026;109.99999999999997
2016-06-17 15:30:00;1.6875;28.496420005682715;36.79172738192921;3.4465635278677995;110.07859332911775
2016-06-17 16:00:00;1.7249999999999999;28.499999999999996;37.99999999999999;2.8800000000000034;106.00000000000003
2016-06-17 16:30:00;1.7625;28.788681928734764;38.378148715583364;2.388079322829066;101.12395847303804
2016-06-17 17:00:00;1.7999999999999998;29.1;38.0;2.16;103.0
2016-06-17 17:30:00;1.8375;29.111352279378234;37.32067775573732;2.2561191808159413;115.4255727787302
2016-06-17 18:00:00;1.875;28.8;37.0;2.16;123.0
2016-06-17 18:30:00;1.9124999999999999;28.253408953752313;37.46414026146736;1.4574439539071735;113.17375041204127
2016-06-17 19:00:00;1.95;27.700000000000003;37.99999999999999;0.7200000000000033;104.0
2016-06-17 19:30:00;1.9874999999999998;27.287511905612536;38.19776119839325;0.599105003555384;116.37942557310478
2016-06-17 20:00:00;2.025;26.70000000000001;39.99999999999996;1.0799999999999919;151.99999999999946
2016-06-17 20:30:00;2.0625;25.621543423797572;45.369814944959536;1.951136031871277;204.68354729553792
2016-06-17 21:00:00;2.1;24.2;54.0;2.8800000000000003;256.0
2016-06-17 21:30:00;2.1374999999999997;22.713814399197222;64.44797902176835;3.476350868959482;291.01138524474146
2016-06-17 22:00:00;2.175;21.50000000000001;72.99999999999993;3.24000000000001;320.9999999999996
2016-06-17 22:30:00;2.2125;20.79819897941362;76.7132689679666;1.963460492290798;354.0209117254945
2016-06-17 23:00:00;2.25;20.4;78.0;0.7200000000000001;359.0
2016-06-17 23:30:00;2.2875;20.043389683148337;79.8239451063651;0.5048071618773583;314.7799678532793
2016-06-18 00:00:00;2.3249999999999997;19.700000000000003;81.99999999999997;0.7199999999999991;279.00000000000006
2016-06-18 00:30:00;2.3625;19.39074228799304;83.74095060657301;0.6073108601997729;303.98421686138795
2016-06-18 01:00:00;2.4;19.100000000000005;84.99999999999999;0.36000000000000176;341.9999999999998
2016-06-18 01:30:00;2.4375;18.818641164879526;85.83725246734284;0.3059493973235618;337.6581647011673
2016-06-18 02:00:00;2.475;18.600000000000005;86.0;0.3599999999999995;305.00000000000045
2016-06-18 02:30:00;2.5124999999999997;18.45969305248888;85.66003952405566;0.3738915505059812;273.383124333944
2016-06-18 03:00:00;2.55;18.200000000000003;86.99999999999996;0.3600000000000001;263.9999999999999
2016-06-18 03:30:00;2.5875;17.680086625164982;90.3975894364345;0.3584844006525128;284.9343379630586
2016-06-18 04:00:00;2.625;17.200000000000003;87.00000000000011;0.36;300.0000000000001
2016-06-18 04:30:00;2.6625;17.069960446851216;70.22716683277056;0.3521708468839672;277.879523813821
2016-06-18 05:00:00;2.6999999999999997;17.199999999999996;51.82051282051298;0.35999999999999965;251.00000000000014
2016-06-18 05:30:00;2.7375;17.465071587430156;45.155281694022136;0.3928322118116182;247.17256678165802
2016-06-18 06:00:00;2.775;17.999999999999993;51.82051282051266;0.36000000000000126;212.00000000000088
2016-06-18 06:30:00;2.8125;18.907253203428134;68.11965510908942;0.23650030586956022;102.18020905954864
2016-06-18 07:00:00;2.85;19.9;81.0;0.36;1.0
2016-06-18 07:30:00;2.8874999999999997;20.69341559885728;79.20263633115833;1.0461665647101348;-6.518403019849881
2016-06-18 08:00:00;2.925;21.39999999999999;68.00000000000014;2.159999999999986;44.99999999999929
2016-06-18 08:30:00;2.9625;22.2315844011427;56.79736366884189;3.4538334352898428;91.01840301984899
2016-06-18 09:00:00;3.0;23.4;55.0;4.680000000000001;67.00000000000001
