Fecha;X;Temperatura;Humedad;Velocidad;Direccion
2020-08-08 16:30:00;0.0;38.3;20.0;6.3;103.0
2020-08-08 17:00:00;0.020833333333333332;38.632789625304206;18.796558039529618;5.821506193760331;82.97438594249162
2020-08-08 17:30:00;0.041666666666666664;38.95154609026249;16.995331566792856;6.508133236744903;109.65275842390722
2020-08-08 18:00:00;0.0625;38.591741928716104;16.99999320629564;7.848046471996271;104.10570398572571
2020-08-08 18:30:00;0.08333333333333333;38.683164750465394;17.000000029989234;6.991739264480503;121.14746173972433
2020-08-08 19:00:00;0.10416666666666666;38.38014697602637;17.00000047486382;7.827150579825012;123.17521272147323
2020-08-08 19:30:00;0.125;38.08251936686944;17.000094149749803;7.24796759663548;107.22798422041308
2020-08-08 20:00:00;0.14583333333333331;37.799507003928184;16.994769367964608;5.417808011357194;116.72685422772766
2020-08-08 20:30:00;0.16666666666666666;36.34062828208707;19.77151292074149;10.947644467658192;287.1817462691469
2020-08-08 21:00:00;0.1875;33.36356017060352;27.0180196583672;11.08143513562912;279.7776605456818
2020-08-08 21:30:00;0.20833333333333331;32.22243324962723;27.953247853954398;8.840284420574774;299.05969359390343
2020-08-08 22:00:00;0.22916666666666666;31.03235079004515;29.474447690961636;6.940888125378048;303.10586685448686
2020-08-08 22:30:00;0.25;29.271126970583808;46.268225466320914;9.551410179576038;263.63738669478477
2020-08-08 23:00:00;0.2708333333333333;29.37805290405054;40.02898220667046;6.273683917365368;254.08011546389164
2020-08-08 23:30:00;0.29166666666666663;29.46339765040246;39.3657688198409;0.13119771106941783;277.80123101455223
2020-08-09 00:00:00;0.3125;28.54750597697419;42.53719504395151;3.5313939093318574;239.84149231311895
2020-08-09 00:30:00;0.3333333333333333;29.261757690468706;37.50846402933041;0.31077848580635015;225.3122873525778
2020-08-09 01:00:00;0.35416666666666663;28.90715635212517;38.99222086295705;3.7838070235490617;310.1912872348622
2020-08-09 01:30:00;0.375;28.891387377329366;37.01073260630249;1.7761273997147917;225.72646081566126
2020-08-09 02:00:00;0.3958333333333333;28.22517770469837;38.51858602070602;3.519813632432531;150.3080867655772
2020-08-09 02:30:00;0.41666666666666663;28.0108242513096;40.94637970241673;2.2237646570735503;199.9441740866262
2020-08-09 03:00:00;0.4375;27.820460796581564;40.95532754989934;2.25685720259511;133.86933467872063
2020-08-09 03:30:00;0.4583333333333333;27.340963147206374;47.729483327783605;5.8314667851106;15.669550515990617
2020-08-09 04:00:00;0.47916666666666663;27.018563024819017;55.50722697714808;4.918187863914443;143.0693823845031
2020-08-09 04:30:00;0.5;26.8;63.0;3.3;173.0
2020-08-09 05:00:00;0.5208333333333333;26.59424590459379;65.09949032822286;2.3421631040638062;200.81243313469423
2020-08-09 05:30:00;0.5416666666666666;26.292694553740485;68.37521257032809;2.971205413620316;201.99789357937
2020-08-09 06:00:00;0.5625;26.09201887709021;66.05494704096786;0.9916953090097661;201.99999693464733
2020-08-09 06:30:00;0.5833333333333333;26.22050954615045;66.14289848203376;-0.056926512036442035;202.00000001313222
2020-08-09 07:00:00;0.6041666666666666;25.904277159122934;68.99260442250566;1.7345802509794674;202.00000000009655
2020-08-09 07:30:00;0.625;25.906868182518988;66.07875852617666;0.04008509797302459;202.00000000098404
2020-08-09 08:00:00;0.6458333333333333;25.897100908953043;67.0335556803185;2.8725193626525476;201.99999994458727
2020-08-09 08:30:00;0.6666666666666666;25.494433690309776;64.4441834592908;6.111402271768406;201.9998973758561
2020-08-09 09:00:00;0.6875;26.351155453938944;55.00425587355746;4.669236853658523;201.97024579721975
2020-08-09 09:30:00;0.7083333333333333;26.3025330112745;52.00079644128918;8.985527818047823;244.77509145803154
2020-08-09 10:00:00;0.7291666666666666;26.422712171435872;50.766462011121945;3.7522792609349356;272.7884081381758
2020-08-09 10:30:00;0.75;25.941400213761476;53.97631863409173;1.898414818650616;232.3526868672792
2020-08-09 11:00:00;0.7708333333333333;25.542534759376277;57.792329066932815;5.7405416220953445;116.7599688539719
2020-08-09 11:30:00;0.7916666666666666;25.090265750364804;62.100248084673865;2.790271899566421;157.55088278853034
2020-08-09 12:00:00;0.8125;25.11052866976016;64.05100356448021;1.2887131130580507;199.22144915119242
2020-08-09 12:30:00;0.8333333333333333;25.27902831882348;63.52664753550347;0.27846286225873007;194.55857630825844
2020-08-09 13:00:00;0.8541666666666666;24.60347433235862;69.96205264656794;5.332484328524435;202.006541121748
2020-08-09 13:30:00;0.875;24.899043220108627;65.83126820660941;2.8451316043174035;201.9998838678953
2020-08-09 14:00:00;0.8958333333333333;25.206792690705083;63.93443413690318;-0.02051282977089725;201.99999940776442
2020-08-09 14:30:00;0.9166666666666666;25.581988117244435;67.15957896084782;1.2658795734326835;201.99999903100107
2020-08-09 15:00:00;0.9375;25.970964746398433;61.63069365789055;1.4655987662345749;202.00022593171752
2020-08-09 15:30:00;0.9583333333333333;26.448114138849785;63.50216258238775;3.176272227354307;202.1552536600741
2020-08-09 16:00:00;0.9791666666666666;27.966037540785845;62.324706629166805;-0.04044871242969841;218.6501629189209
2020-08-09 16:30:00;1.0;28.7;59.0;1.5;232.0
2020-08-09 17:00:00;1.0208333333333333;28.544051694079457;58.79444213983223;4.777448314041313;65.26543205989367
2020-08-09 17:30:00;1.0416666666666665;29.233265226388077;55.53331412762186;4.473821711534283;89.66047770799028
2020-08-09 18:00:00;1.0625;29.482163613257395;52.03435839612907;4.181670354103954;110.73672588680977
2020-08-09 18:30:00;1.0833333333333333;29.584409437688112;56.254150193548455;4.674494685664762;42.075252990652814
2020-08-09 19:00:00;1.1041666666666665;29.791251487580322;57.98872842766277;5.511244265347814;50.50157167130976
2020-08-09 19:30:00;1.125;30.245682400872774;58.98441223804512;5.127939269218978;73.77471855740585
2020-08-09 20:00:00;1.1458333333333333;30.202939536136114;62.02341647708439;5.697689981245987;37.6035342796298
2020-08-09 20:30:00;1.1666666666666665;30.39697569807213;62.51436145487996;6.761637743723077;49.21414503768293
2020-08-09 21:00:00;1.1875;30.596095511029414;62.10719020830999;5.000103602159117;69.65256945803421
2020-08-09 21:30:00;1.2083333333333333;30.596100533778735;59.086780235740264;6.12947357374126;61.63870984318418
2020-08-09 22:00:00;1.2291666666666665;30.56676533991569;55.24614827967194;7.713825158110085;39.29709527552329
2020-08-09 22:30:00;1.25;31.227239166923727;51.84916466447341;4.8927358483533165;79.76789703778016
2020-08-09 23:00:00;1.2708333333333333;31.71268333446497;41.9517923481835;5.425057195577246;36.13574919724488
2020-08-09 23:30:00;1.2916666666666665;32.6011046448522;43.121161028413006;4.552064623933977;338.88842040755947
2020-08-10 00:00:00;1.3125;32.94902464054504;44.08730025448914;5.910986261930955;44.53923669407363
2020-08-10 00:30:00;1.3333333333333333;33.24694921175668;39.34793833798954;5.503936388916157;195.2883344509835
2020-08-10 01:00:00;1.3541666666666665;33.80179611768622;38.95739901600244;6.4258476048343764;361.40632959175383
2020-08-10 01:30:00;1.375;34.78118768890604;37.08306903802379;3.4713140433411165;290.8135527012384
2020-08-10 02:00:00;1.3958333333333333;34.95056880054221;36.12677563093465;5.495563146279966;91.47372215903239
2020-08-10 02:30:00;1.4166666666666665;35.38224851409099;36.10893974021221;3.562124285480976;150.88512319747173
2020-08-10 03:00:00;1.4375;36.12442316189446;31.97983874735967;3.558169347806458;360.9743111333847
2020-08-10 03:30:00;1.4583333333333333;36.60697188113958;29.64499837991356;3.630258952543478;25.95689239062923
2020-08-10 04:00:00;1.4791666666666665;37.22878979181956;25.269284667787193;5.830337899795634;109.74747014856528
2020-08-10 04:30:00;1.5;37.2;25.0;6.3;115.0
2020-08-10 05:00:00;1.5208333333333333;37.08095350305921;23.057556326433026;8.273209692821297;139.651594770871
2020-08-10 05:30:00;1.5416666666666665;36.359082806343416;21.96479430185209;8.406327140555087;119.7554503396669
2020-08-10 06:00:00;1.5625;36.620607776791864;20.98976012860856;4.951075799476383;208.4371302690762
2020-08-10 06:30:00;1.5833333333333333;35.89436504590296;20.006086851632457;6.904456897543435;136.2599318385847
2020-08-10 07:00:00;1.6041666666666665;35.307021587233955;19.867486461572415;7.51549739972971;282.0071870845202
2020-08-10 07:30:00;1.625;34.49013705344436;20.02593966074674;5.736963455676533;295.77626453629915
2020-08-10 08:00:00;1.6458333333333333;33.492765913676244;20.98666055511251;4.372005381273425;291.97205233721456
2020-08-10 08:30:00;1.6666666666666665;32.774434961756064;23.031638787961104;4.3413080268905775;303.89179828170995
2020-08-10 09:00:00;1.6875;32.07919175273188;22.614405267414277;2.1649136073132103;328.23393168496165
2020-08-10 09:30:00;1.7083333333333333;31.69721802014848;28.981830978666316;3.6728429382523125;308.2224840118943
2020-08-10 10:00:00;1.7291666666666665;30.84607426077618;30.089131999276766;4.1224212213883105;225.00021031248502
2020-08-10 10:30:00;1.75;30.131728981889978;30.29184459010032;2.6023456734523065;227.59945183010043
2020-08-10 11:00:00;1.7708333333333333;29.783175569058837;41.258052385706286;3.6331125745813484;257.25445638362714
2020-08-10 11:30:00;1.7916666666666665;28.787231651333226;55.09147586951042;6.035258839260407;281.4658610482418
2020-08-10 12:00:00;1.8125;28.14072458985138;60.02483936174844;5.274458626605302;268.1418573741893
2020-08-10 12:30:00;1.8333333333333333;27.66289781623476;62.410247931801486;5.786495079601401;296.1592677479787
2020-08-10 13:00:00;1.8541666666666665;27.09971210989599;69.98439666719656;7.975255091362866;277.5212086664808
2020-08-10 13:30:00;1.875;26.665291796504675;76.19128905784812;10.065431384540318;290.1395829595401
2020-08-10 14:00:00;1.8958333333333333;26.443286566476274;81.27921550955317;9.375627465300688;287.4041775441054
2020-08-10 14:30:00;1.9166666666666665;26.40681995119302;79.06779125952454;7.0060464589277505;276.9764607098652
2020-08-10 15:00:00;1.9375;26.398910119112124;74.94545060462406;3.3893297264159004;244.48345019760305
2020-08-10 15:30:00;1.9583333333333333;26.598954545948217;72.70099956218355;8.106666513207092;250.86457661531847
2020-08-10 16:00:00;1.9791666666666665;26.690900981163637;68.29037635565984;1.9335522307629454;240.9208806164869
2020-08-10 16:30:00;2.0;26.7;66.0;1.3;246.0
2020-08-10 17:00:00;2.020833333333333;26.572366001239338;62.769309545760784;6.552612901304956;278.82507775494275
2020-08-10 17:30:00;2.0416666666666665;26.72235292514693;60.76199700766243;2.5777294462640676;261.8482874188531
2020-08-10 18:00:00;2.0625;26.07519078265555;63.33363891702717;4.44446566936351;273.4960769127918
2020-08-10 18:30:00;2.083333333333333;26.002485487110892;59.992592882389104;2.6504682648435636;224.46464365214987
2020-08-10 19:00:00;2.1041666666666665;25.788879335779466;64.09396225615562;3.140526901886251;202.07493889276398
2020-08-10 19:30:00;2.125;25.81919967649432;65.03048823283305;3.354485915413722;202.0056659112001
2020-08-10 20:00:00;2.145833333333333;25.498031624619514;65.99507840975558;5.160338419628345;201.6922335295283
2020-08-10 20:30:00;2.1666666666666665;24.75084694518691;75.73808583337338;5.8181205955508215;323.7641728976342
2020-08-10 21:00:00;2.1875;25.154725365545545;71.37903046643655;7.448780222152193;267.3907299439471
2020-08-10 21:30:00;2.208333333333333;25.39958994542734;68.96826498060578;3.9698643340905835;252.52811507498745
2020-08-10 22:00:00;2.2291666666666665;25.274399273199187;70.27803099203938;5.195181806504949;282.8174640939019
2020-08-10 22:30:00;2.25;24.940343056563798;68.3907612892281;1.517266136409822;240.8406076754591
2020-08-10 23:00:00;2.270833333333333;24.892048205111344;68.00859663955109;3.2710858834218364;244.6259694550963
2020-08-10 23:30:00;2.2916666666666665;24.810113336131646;68.06672874662759;0.7752572999572045;246.17627264920708
2020-08-11 00:00:00;2.3125;25.042228997619315;72.96051416513254;0.4018055377376321;292.80757261926175
2020-08-11 00:30:00;2.333333333333333;25.090323876476926;73.91474392829274;3.3228809892523814;262.3300203194866
2020-08-11 01:00:00;2.3541666666666665;25.69005453723618;70.02615597660197;4.419559611503511;287.3729987822116
2020-08-11 01:30:00;2.375;26.754016226596605;70.84070156340381;1.8649915634106433;236.23072090593476
2020-08-11 02:00:00;2.395833333333333;27.00075447667805;70.0906069777246;2.638675066443082;141.93024033472537
2020-08-11 02:30:00;2.4166666666666665;27.26316986900569;70.08382629549929;3.6014009007680423;224.8971078919189
2020-08-11 03:00:00;2.4375;28.326279428953438;67.8276631873135;3.1100032210793223;38.29446703552719
2020-08-11 03:30:00;2.458333333333333;28.70611863329024;65.6027728180168;3.3716690685246395;93.02340521627838
2020-08-11 04:00:00;2.4791666666666665;28.784483402152176;65.07663574815768;3.453591866182387;-11.49848436329443
2020-08-11 04:30:00;2.5;29.2;63.0;3.4;109.0
2020-08-11 05:00:00;2.520833333333333;29.552588660986153;63.02172015199044;5.349065031362189;155.4710292254397
2020-08-11 05:30:00;2.5416666666666665;29.85993362115353;62.99459109732007;5.73301162801307;120.72259107962785
2020-08-11 06:00:00;2.5625;29.7115829359142;61.93504727675584;8.347561891817369;71.99176328322629
2020-08-11 06:30:00;2.583333333333333;29.698514835453377;63.00027599351498;6.465761702650131;41.207661765286105
2020-08-11 07:00:00;2.6041666666666665;29.902362220678572;61.417919736829845;6.00860009087949;12.096097326605696
2020-08-11 07:30:00;2.625;30.711380187502865;59.34039159391325;5.867112403394677;89.9481840066037
2020-08-11 08:00:00;2.645833333333333;31.194723640323044;54.96659340115718;6.501854342430346;6.578484476062864
2020-08-11 08:30:00;2.6666666666666665;31.622738465068323;50.58915584913199;6.143032090443606;93.66769646350514
2020-08-11 09:00:00;2.6875;31.700224155016503;48.3481545048589;6.172954606233682;28.335948187654292
2020-08-11 09:30:00;2.708333333333333;31.688749682232462;47.05894457840144;5.979491886873354;352.80720858021124
2020-08-11 10:00:00;2.7291666666666665;33.02575711909672;46.28071360371079;6.60906399892234;308.8330470112001
2020-08-11 10:30:00;2.75;34.1853429880032;37.87534579809581;4.699191313639353;136.77107113472786
2020-08-11 11:00:00;2.770833333333333;35.18719193950762;31.693017153837207;6.119911674880937;92.17214411782167
2020-08-11 11:30:00;2.7916666666666665;33.887341415703055;35.033078400178184;6.911762603057108;362.05715879551997
2020-08-11 12:00:00;2.8125;35.123974423927905;32.4537122949108;4.833534737579061;37.71473623155296
2020-08-11 12:30:00;2.833333333333333;34.549031442835606;30.13400033450502;6.179808325581514;57.459588425422176
2020-08-11 13:00:00;2.8541666666666665;34.70139928528293;28.99898030377524;9.04695167982272;123.6923110550192
2020-08-11 13:30:00;2.875;34.999881059964416;27.902820234481716;8.25012572627077;119.44645455500411
2020-08-11 14:00:00;2.895833333333333;34.87975691727397;27.971497667397273;7.069263606095336;93.08601843053765
2020-08-11 14:30:00;2.9166666666666665;34.26924465877248;27.01069446908264;6.876182545470775;115.21096804119446
2020-08-11 15:00:00;2.9375;33.48891201033508;28.06118294513005;6.965270639572868;99.85782025678861
2020-08-11 15:30:00;2.958333333333333;32.89876414905412;29.107613930132395;6.300819812450501;77.03568021054154
2020-08-11 16:00:00;2.9791666666666665;32.47109222706394;28.994010244829678;5.8737475081370025;92.96869065963168
2020-08-11 16:30:00;3.0;31.799999999999997;30.0;6.4;103.0
