Fecha;X;Temperatura;Humedad;Velocidad;Direccion
2018-08-06 14:30:00;0.0;34.41;47.41;16.79;0.0
2018-08-06 15:00:00;0.020833333333333332;34.490467555561374;46.53525625600996;12.935024918274305;0.0
2018-08-06 15:30:00;0.041666666666666664;35.92513700117612;40.6150141257806;7.557982744000326;0.0
2018-08-06 16:00:00;0.0625;36.24897962487723;36.64997577316015;7.592637928553165;0.0
2018-08-06 16:30:00;0.08333333333333333;35.17556515233919;36.586483196172225;11.404450764430164;0.0
2018-08-06 17:00:00;0.10416666666666666;35.26846421312173;35.39936527215895;7.82540608537466;0.0
2018-08-06 17:30:00;0.125;36.05669976679816;33.49800661695952;4.47934971896938;0.0
2018-08-06 18:00:00;0.14583333333333331;36.507141518184596;32.1970396868983;4.3474650649237825;0.0
2018-08-06 18:30:00;0.16666666666666666;36.09837625228953;32.29018394405337;4.1435589127947985;0.0
2018-08-06 19:00:00;0.1875;34.8169455891298;34.516711740955564;3.367767034647114;0.0
2018-08-06 19:30:00;0.20833333333333331;33.13991263880072;38.316082886999936;3.2364599350183476;0.0
2018-08-06 20:00:00;0.22916666666666666;31.983152147569523;40.553857211918675;5.261209019956814;0.0
2018-08-06 20:30:00;0.25;31.47021907183923;43.289371358097505;8.845829572848094;0.0
2018-08-06 21:00:00;0.2708333333333333;30.132846507867413;57.17840998165515;9.908921544720199;0.0
2018-08-06 21:30:00;0.29166666666666663;29.106039380616863;64.48441868691754;7.228238738035759;0.0
2018-08-06 22:00:00;0.3125;28.713659816101856;63.8215584932848;3.646425135967695;0.0
2018-08-06 22:30:00;0.3333333333333333;28.215505176307236;64.80567066536244;2.272227187336921;0.0
2018-08-06 23:00:00;0.35416666666666663;28.04435445482588;52.85670998923198;1.3733677777719824;0.0
2018-08-06 23:30:00;0.375;28.208779319462913;42.9425230390696;1.2456718460011384;0.0
2018-08-07 00:00:00;0.3958333333333333;28.323361620383448;43.24132965598428;1.5894559302792115;0.0
2018-08-07 00:30:00;0.41666666666666663;28.217049636639167;43.59528430781242;1.8174913136263466;0.0
2018-08-07 01:00:00;0.4375;28.443418044937825;39.74220068989234;4.255979733967795;0.0
2018-08-07 01:30:00;0.4583333333333333;28.26106167332885;45.95885611960502;8.124142878790952;0.0
2018-08-07 02:00:00;0.47916666666666663;27.451543284974424;61.915135816270336;9.236249436523464;0.0
2018-08-07 02:30:00;0.5;26.723654924125853;71.07139025369776;5.461999303591045;0.0
2018-08-07 03:00:00;0.5208333333333333;25.95238743804224;78.38370730019342;4.725307659523631;0.0
2018-08-07 03:30:00;0.5416666666666666;25.216292029867926;85.07612984705484;6.794486306284528;0.0
2018-08-07 04:00:00;0.5625;24.769806239842396;88.61386420773354;6.579200707827896;0.0
2018-08-07 04:30:00;0.5833333333333333;24.666768210666824;88.31520464227981;2.153434507412483;0.0
2018-08-07 05:00:00;0.6041666666666666;24.425128996531914;88.71670902174297;0.539364143440217;0.0
2018-08-07 05:30:00;0.625;24.260248042658862;89.87396460541609;1.6877829393895212;0.0
2018-08-07 06:00:00;0.6458333333333333;24.25381761278294;90.42107740513106;2.2075990478687673;0.0
2018-08-07 06:30:00;0.6666666666666666;23.94375946479482;91.01610002091427;1.375246020440314;0.0
2018-08-07 07:00:00;0.6875;23.55951101915996;92.16040009425113;1.0462772857804303;0.0
2018-08-07 07:30:00;0.7083333333333333;23.40401183909648;92.93582572406672;1.148580269086202;0.0
2018-08-07 08:00:00;0.7291666666666666;23.409194077105596;92.90014775330943;1.2238761252386507;0.0
2018-08-07 08:30:00;0.75;23.2492203566765;93.02808752082531;1.9290707835640515;0.0
2018-08-07 09:00:00;0.7708333333333333;23.324654270409443;92.7042063916719;2.265709363241797;0.0
2018-08-07 09:30:00;0.7916666666666666;23.460505946544632;92.3708105459728;1.8426153901997309;0.0
2018-08-07 10:00:00;0.8125;23.222621358845988;92.31211892953938;1.2020183455725542;0.0
2018-08-07 10:30:00;0.8333333333333333;22.721353744302398;91.3876454020859;1.0800920056284953;0.0
2018-08-07 11:00:00;0.8541666666666666;22.692298325937408;89.97504739897236;1.3175840073817573;0.0
2018-08-07 11:30:00;0.875;23.138927179630564;86.94803036950071;1.4327259914533672;0.0
2018-08-07 12:00:00;0.8958333333333333;23.885668561579596;80.88944879518131;1.509004098585486;0.0
2018-08-07 12:30:00;0.9166666666666666;25.39121126183431;73.23958044408994;2.2417744055157462;0.0
2018-08-07 13:00:00;0.9375;27.169781275045285;69.23647830320904;2.22818297992447;0.0
2018-08-07 13:30:00;0.9583333333333333;28.08068111639356;68.93855284544615;2.5511160112208775;0.0
2018-08-07 14:00:00;0.9791666666666666;27.87645610744501;68.408878690451;4.233145870295207;0.0
2018-08-07 14:30:00;1.0;28.303913323746922;65.73403788544594;4.066548494577529;0.0
2018-08-07 15:00:00;1.0208333333333333;29.585678590376325;59.577715426587126;3.1119325970029887;0.0
2018-08-07 15:30:00;1.0416666666666665;31.06853246052642;52.086645516699356;2.884017031811739;0.0
2018-08-07 16:00:00;1.0625;32.007458458387;47.63754480243233;3.3858491307537113;0.0
2018-08-07 16:30:00;1.0833333333333333;32.19113803432235;47.94302384365759;3.74561203697184;0.0
2018-08-07 17:00:00;1.1041666666666665;32.72007551833059;48.289670935798014;3.8283955132022323;0.0
2018-08-07 17:30:00;1.125;33.43845703328525;47.19669912236417;4.4802281487847955;0.0
2018-08-07 18:00:00;1.1458333333333333;33.395519957806606;47.19987748464937;6.178088241065766;0.0
2018-08-07 18:30:00;1.1666666666666665;33.571613771122315;47.536744513698984;7.261117593639436;0.0
2018-08-07 19:00:00;1.1875;33.77795960766491;47.18015766114952;7.8290816525718006;0.0
2018-08-07 19:30:00;1.2083333333333333;33.823014809316106;46.40897085212678;8.851837645221769;0.0
2018-08-07 20:00:00;1.2291666666666665;34.00050192294137;46.10369019469451;10.126091040284948;0.0
2018-08-07 20:30:00;1.25;34.15690271840339;45.54966980126083;9.17620227907994;0.0
2018-08-07 21:00:00;1.2708333333333333;34.380213480233124;45.341397547973145;9.405894649027632;0.0
2018-08-07 21:30:00;1.2916666666666665;34.77215072237357;45.388439859919345;11.038931119044955;0.0
2018-08-07 22:00:00;1.3125;35.192657365354854;44.44544485970786;10.201963452125291;0.0
2018-08-07 22:30:00;1.3333333333333333;35.30849636153082;42.958969488030704;11.53898134735215;0.0
2018-08-07 23:00:00;1.3541666666666665;35.148624201974975;42.47663177769105;14.080455484667372;0.0
2018-08-07 23:30:00;1.375;35.03178720104027;42.45827549410661;14.19580553403395;0.0
2018-08-08 00:00:00;1.3958333333333333;35.21688546044893;40.786371752900735;11.871949997572665;0.0
2018-08-08 00:30:00;1.4166666666666665;35.422331809554116;40.31205646794793;13.191419765344039;0.0
2018-08-08 01:00:00;1.4375;35.39032207881795;40.013125835220315;15.669463319994454;0.0
2018-08-08 01:30:00;1.4583333333333333;35.02000260559019;39.192643127448896;15.538019116618376;0.0
2018-08-08 02:00:00;1.4791666666666665;34.336370831400046;39.91548012332066;15.288635009331887;0.0
2018-08-08 02:30:00;1.5;33.45559036634612;38.24968735906497;16.78944422235485;0.0
2018-08-08 03:00:00;1.5208333333333333;32.74629178905973;37.0310457909127;15.291767561284153;0.0
2018-08-08 03:30:00;1.5416666666666665;32.41434075268607;37.96398402696571;8.986730663378758;0.0
2018-08-08 04:00:00;1.5625;32.22100132435717;35.95392343133137;6.057553959859354;0.0
2018-08-08 04:30:00;1.5833333333333333;31.970762776043486;39.05213731085017;10.283741698736593;0.0
2018-08-08 05:00:00;1.6041666666666665;29.813295455694618;51.99624861910702;18.755167683924366;0.0
2018-08-08 05:30:00;1.625;26.391151425360206;63.888407642605294;23.510279782178912;0.0
2018-08-08 06:00:00;1.6458333333333333;26.883398325550928;54.42405760463388;17.901748197202725;0.0
2018-08-08 06:30:00;1.6666666666666665;28.13790224531842;44.63203655862598;11.647587909368614;0.0
2018-08-08 07:00:00;1.6875;26.638847396365062;53.336633331359515;9.103738736571707;0.0
2018-08-08 07:30:00;1.7083333333333333;23.331449576846094;72.35781986669582;7.1901825781882245;0.0
2018-08-08 08:00:00;1.7291666666666665;22.868111539184916;73.43164012928104;4.752237582407771;0.0
2018-08-08 08:30:00;1.75;22.815603512330615;74.6311982458788;4.9424695157406235;0.0
2018-08-08 09:00:00;1.7708333333333333;22.391972215642333;78.32988271552352;6.839540698208258;0.0
2018-08-08 09:30:00;1.7916666666666665;22.999848048219004;72.15583940643994;6.691720486261424;0.0
2018-08-08 10:00:00;1.8125;23.40456538100582;68.29147930671088;5.19463125244012;0.0
2018-08-08 10:30:00;1.8333333333333333;24.11208728508533;65.76319674923256;6.247465146585418;0.0
2018-08-08 11:00:00;1.8541666666666665;25.25185147006153;61.861508292771745;8.58409654981196;0.0
2018-08-08 11:30:00;1.875;26.00550678142867;58.498605731913315;7.766057772213222;0.0
2018-08-08 12:00:00;1.8958333333333333;25.91070895461245;58.628873916954035;5.605264565933763;0.0
2018-08-08 12:30:00;1.9166666666666665;24.626038821032218;64.95666189650667;4.714206149525687;0.0
2018-08-08 13:00:00;1.9375;23.353386238518834;70.92224005837771;4.239412293550485;0.0
2018-08-08 13:30:00;1.9583333333333333;23.467228862242685;68.93655542549914;2.138274164949678;0.0
2018-08-08 14:00:00;1.9791666666666665;23.051645891644924;71.05227465494822;1.9016529128882564;0.0
2018-08-08 14:30:00;2.0;22.68059644987709;73.37999513977827;3.02029863298083;0.0
2018-08-08 15:00:00;2.020833333333333;23.012328344278963;69.89056512118047;3.5236245513963262;0.0
2018-08-08 15:30:00;2.0416666666666665;23.244472314421536;64.62386859599074;3.513769779221338;0.0
2018-08-08 16:00:00;2.0625;22.81244294357778;66.90377927481151;5.599675677298224;0.0
2018-08-08 16:30:00;2.083333333333333;21.98150701067894;73.28552847726235;6.036735631427626;0.0
2018-08-08 17:00:00;2.1041666666666665;21.332586093447294;77.57859254269434;3.407520099620207;0.0
2018-08-08 17:30:00;2.125;21.15559813134319;78.85841153084765;2.0370858446904347;0.0
2018-08-08 18:00:00;2.145833333333333;21.149526749232283;76.39947002628408;1.3174725919845929;0.0
2018-08-08 18:30:00;2.1666666666666665;21.243138937136358;73.71180905974788;1.2518266624839314;0.0
2018-08-08 19:00:00;2.1875;21.392481620639625;73.15099534797935;1.4810026680170967;0.0
2018-08-08 19:30:00;2.208333333333333;21.535338232684033;72.70367919520722;0.9769733246217672;0.0
2018-08-08 20:00:00;2.2291666666666665;22.302779381369174;72.3853417376907;2.48249694564177;0.0
2018-08-08 20:30:00;2.25;23.332962357543913;72.16181208352408;3.594820176985002;0.0
2018-08-08 21:00:00;2.270833333333333;24.06389425565958;71.8527768124529;2.828613579611798;0.0
2018-08-08 21:30:00;2.2916666666666665;24.687726845017107;71.27289318670124;4.249480360177513;0.0
2018-08-08 22:00:00;2.3125;25.229564900807542;69.00305298709794;5.569350330795433;0.0
2018-08-08 22:30:00;2.333333333333333;25.752337241778793;66.12592742355129;5.5854259752039095;0.0
2018-08-08 23:00:00;2.3541666666666665;26.421456008570395;64.16501741035458;5.271315468977458;0.0
2018-08-08 23:30:00;2.375;27.336536039920063;62.258175268335506;5.432688281932901;0.0
2018-08-09 00:00:00;2.395833333333333;28.09758845022069;60.16298925573528;4.8092727966000215;0.0
2018-08-09 00:30:00;2.4166666666666665;29.122053203387686;57.0422893466617;3.9744040524675537;0.0
2018-08-09 01:00:00;2.4375;30.463524894134128;53.515659460287615;5.00273735877881;0.0
2018-08-09 01:30:00;2.458333333333333;30.61119285416482;53.017769340345296;8.668000467546655;0.0
2018-08-09 02:00:00;2.4791666666666665;30.38749842274054;53.622078155913485;12.471916338636314;0.0
2018-08-09 02:30:00;2.5;30.31802475744112;54.683578720984244;14.489331019043227;0.0
2018-08-09 03:00:00;2.520833333333333;30.258125963937456;56.73613626346353;14.942951991228565;0.0
2018-08-09 03:30:00;2.5416666666666665;30.481673331559943;57.90190990043819;15.496950999870299;0.0
2018-08-09 04:00:00;2.5625;30.549936946131066;59.45355174088317;16.510022376497247;0.0
2018-08-09 04:30:00;2.583333333333333;30.24629564425657;62.01060782055723;17.37714573567921;0.0
2018-08-09 05:00:00;2.6041666666666665;29.889774626696283;63.72145174898531;17.73326623462685;0.0
2018-08-09 05:30:00;2.625;29.88391987810198;62.05931905643985;18.443427110221098;0.0
2018-08-09 06:00:00;2.645833333333333;30.108723155366423;60.354642323175746;19.133271112918436;0.0
2018-08-09 06:30:00;2.6666666666666665;30.200427507828728;60.714500396145525;19.932726653007933;0.0
2018-08-09 07:00:00;2.6875;30.08633007420063;61.37570222371798;21.25345880422605;0.0
2018-08-09 07:30:00;2.708333333333333;30.330601618789995;60.58357577421813;21.396600715728642;0.0
2018-08-09 08:00:00;2.7291666666666665;30.32251771236495;59.9749219127184;18.39973484070852;0.0
2018-08-09 08:30:00;2.75;30.005821094501936;60.11156638027302;15.867667375507986;0.0
2018-08-09 09:00:00;2.770833333333333;30.021597513056474;59.66974603887261;17.529998417774117;0.0
2018-08-09 09:30:00;2.7916666666666665;29.585946777115094;59.98865047556658;12.683992222872128;0.0
2018-08-09 10:00:00;2.8125;29.124946882830383;61.21488676420988;10.769522051140916;0.0
2018-08-09 10:30:00;2.833333333333333;28.606771156663694;63.91975529433992;14.003009362850756;0.0
2018-08-09 11:00:00;2.8541666666666665;27.257783819948283;69.00404029567119;9.218593064680274;0.0
2018-08-09 11:30:00;2.875;26.44813314915885;73.46576581272979;5.584853317783008;0.0
2018-08-09 12:00:00;2.895833333333333;26.426870177964854;73.89641326917939;4.2267469363099135;0.0
2018-08-09 12:30:00;2.9166666666666665;26.6908693123223;71.46960612934546;4.0906156124813675;0.0
2018-08-09 13:00:00;2.9375;26.957249418404036;71.2796184320215;7.70455909676155;0.0
2018-08-09 13:30:00;2.958333333333333;27.157347165593013;71.69870538858966;7.827769001215519;0.0
2018-08-09 14:00:00;2.9791666666666665;27.060864008167584;72.65919006563101;5.578442157244499;0.0
2018-08-09 14:30:00;3.0;26.31;76.04;8.64;0.0
