Fecha;X;Temperatura;Humedad;Velocidad;Direccion
2016-06-15 20:00:00;0.0;26.1;23.26;7.21;285.2
2016-06-15 20:30:00;0.04054054054054054;25.63;24.15;7.44;284.9
2016-06-15 21:00:00;0.08108108108108109;25.03;26.54;7.42;285.0
2016-06-15 21:30:00;0.12162162162162163;24.36;29.01;7.51;284.5
2016-06-15 22:00:00;0.16216216216216217;24.05;29.21;6.469999999999999;281.8
2016-06-15 22:30:00;0.20270270270270271;23.13;29.28;5.62;275.7
2016-06-15 23:00:00;0.24324324324324326;23.11;28.99;7.97;272.7
2016-06-15 23:30:00;0.28378378378378377;22.55;31.85;9.73;289.5
2016-06-16 00:00:00;0.32432432432432434;21.689615856275015;33.67615852494781;6.627066173353677;276.2106225386204
2016-06-16 00:30:00;0.3648648648648649;20.78;35.33;2.93;259.0
2016-06-16 01:00:00;0.40540540540540543;19.9;38.55;2.8;266.1
2016-06-16 01:30:00;0.44594594594594594;19.32;40.98;2.56;265.2
2016-06-16 02:00:00;0.4864864864864865;19.41;41.49;2.36;288.7
2016-06-16 02:30:00;0.5270270270270271;19.52;41.34;4.17;273.1
2016-06-16 03:00:00;0.5675675675675675;19.63;41.16;2.93;244.6
2016-06-16 03:30:00;0.6081081081081081;17.97;47.67;1.09;205.2
2016-06-16 04:00:00;0.6486486486486487;17.770000000000003;46.149999999999984;3.4300000000000055;231.20000000000007
2016-06-16 04:30:00;0.6891891891891893;18.78;41.0;3.58;244.8
2016-06-16 05:00:00;0.7297297297297298;18.53;42.12;2.86;247.9
2016-06-16 05:30:00;0.7702702702702703;18.35;43.02;2.810000000000001;240.29999999999998
2016-06-16 06:00:00;0.8108108108108109;18.46;43.13;3.25;239.7
2016-06-16 06:30:00;0.8513513513513514;18.49;44.53;3.7600000000000025;247.20000000000002
2016-06-16 07:00:00;0.8918918918918919;18.6;44.82;5.18;262.1
2016-06-16 07:30:00;0.9324324324324325;18.8;44.53;6.89;268.8
2016-06-16 08:00:00;0.972972972972973;18.71;44.23;7.96;286.5
2016-06-16 08:30:00;1.0135135135135136;19.86;41.49;4.72;232.2
2016-06-16 09:00:00;1.0540540540540542;21.76;35.82;8.58;289.0
2016-06-16 09:30:00;1.0945945945945947;22.830000000000002;31.07999999999998;9.92;283.99999999999994
2016-06-16 10:00:00;1.135135135135135;23.7;29.01;9.69;291.1
2016-06-16 10:30:00;1.1756756756756757;24.15;27.79;8.64;277.3
2016-06-16 11:00:00;1.2162162162162162;24.98;26.15;9.47;299.4
2016-06-16 11:30:00;1.2567567567567568;25.14;26.18;8.97;288.0
2016-06-16 12:00:00;1.2972972972972974;25.81;25.439999999999998;8.970000000000002;297.80000000000007
2016-06-16 12:30:00;1.337837837837838;25.5;25.28;8.9;294.0
2016-06-16 13:00:00;1.3783783783783785;25.39;24.87;7.66;275.4
2016-06-16 13:30:00;1.418918918918919;25.54;24.47;8.79;274.9
2016-06-16 14:00:00;1.4594594594594597;26.04;22.65;10.23;293.1
2016-06-16 14:30:00;1.5;26.08;22.36;8.88;284.9
2016-06-16 15:00:00;1.5405405405405406;26.150000000000002;22.669999999999995;8.540000000000003;286.3999999999999
2016-06-16 15:30:00;1.5810810810810811;27.230000000000004;19.88999999999999;9.309999999999999;262.59999999999997
2016-06-16 16:00:00;1.6216216216216217;26.94;19.91;7.8;268.1
2016-06-16 16:30:00;1.6621621621621623;27.23;20.16;6.82;260.1
2016-06-16 17:00:00;1.7027027027027029;26.549999999999997;19.930000000000003;9.57000000000001;283.70000000000005
2016-06-16 17:30:00;1.7432432432432434;26.51;20.94000000000001;8.939999999999987;273.0999999999999
2016-06-16 18:00:00;1.7837837837837838;26.08;20.99;8.3;279.0
2016-06-16 18:30:00;1.8243243243243243;25.54;22.33;7.14;285.3
2016-06-16 19:00:00;1.864864864864865;24.94;23.08;5.94;283.8
2016-06-16 19:30:00;1.9054054054054055;23.96999999999999;25.100000000000012;4.5899999999999945;275.8
2016-06-16 20:00:00;1.945945945945946;22.98;26.87;3.53;269.7
2016-06-16 20:30:00;1.9864864864864866;21.689999999999994;29.870000000000015;1.279999999999994;243.49999999999986
2016-06-16 21:00:00;2.027027027027027;20.39;32.84;1.42;224.0
2016-06-16 21:30:00;2.0675675675675675;18.91;38.35;1.01;206.2
2016-06-16 22:00:00;2.1081081081081083;18.01;41.31;2.01;210.9
2016-06-16 22:30:00;2.1486486486486487;17.97;41.18;3.4;203.7
2016-06-16 23:00:00;2.1891891891891895;17.949999999999996;41.36000000000002;3.7799999999999803;204.2000000000002
2016-06-16 23:30:00;2.22972972972973;17.23;44.26;0.92;230.0
2016-06-17 00:00:00;2.27027027027027;16.87119195835502;45.406068038602506;1.627225186552884;222.0594351448789
2016-06-17 00:30:00;2.310810810810811;17.23;43.88;3.84;206.9
2016-06-17 01:00:00;2.3513513513513513;17.77;42.03;3.62;207.5
2016-06-17 01:30:00;2.391891891891892;16.909999999999993;45.13000000000003;2.199999999999993;178.7
2016-06-17 02:00:00;2.4324324324324325;16.37;47.36;2.07;202.2
2016-06-17 02:30:00;2.4729729729729732;15.229999999999992;52.55000000000003;0.7199999999999886;196.10000000000014
2016-06-17 03:00:00;2.5135135135135136;14.78;53.52;0.84;225.7
2016-06-17 03:30:00;2.5540540540540544;14.440000000000007;55.94999999999998;2.760000000000029;199.69999999999976
2016-06-17 04:00:00;2.5945945945945947;15.880000000000013;50.20999999999996;5.120000000000011;202.6000000000001
2016-06-17 04:30:00;2.635135135135135;16.010000000000005;50.65999999999997;4.780000000000007;203.00000000000006
2016-06-17 05:00:00;2.675675675675676;15.74;52.82;4.46;197.8
2016-06-17 05:30:00;2.7162162162162162;16.299999999999986;52.87000000000001;4.179999999999997;210.69999999999982
2016-06-17 06:00:00;2.756756756756757;17.79;51.0;4.73;217.0
2016-06-17 06:30:00;2.7972972972972974;18.56999999999999;50.08000000000003;4.430000000000003;216.99999999999991
2016-06-17 07:00:00;2.837837837837838;20.1;46.39;4.4;223.6
2016-06-17 07:30:00;2.8783783783783785;21.41;42.96;4.31;223.5
2016-06-17 08:00:00;2.9189189189189193;22.96;37.93;3.62;262.4
2016-06-17 08:30:00;2.9594594594594597;23.61;36.24;3.51;196.0
2016-06-17 09:00:00;3.0;24.22;34.58;2.7299999999999995;155.5
