Fecha;X;Temperatura;Humedad;Velocidad;Direccion
2015-05-14 10:30:00;0.0;37.28;9.59;6.48;131.9
2015-05-14 11:00:00;0.020833333333333332;37.86781337696237;9.057291464962901;5.082183084330328;188.92279571928842
2015-05-14 11:30:00;0.041666666666666664;38.136235471220914;9.290285839865119;5.065050602553489;179.51445074257506
2015-05-14 12:00:00;0.0625;38.25489228645033;9.468163218028684;5.704076691859037;173.0116681697964
2015-05-14 12:30:00;0.08333333333333333;38.36461626831838;8.981384725754845;6.257903122244339;217.74686950441824
2015-05-14 13:00:00;0.10416666666666666;38.426687173173654;8.536158044093378;5.894728082490505;231.47464872745758
2015-05-14 13:30:00;0.125;38.402001324445756;8.67733414398065;5.127018370340214;168.89146600271738
2015-05-14 14:00:00;0.14583333333333331;38.36870106499343;8.81096194678923;6.511321187039576;131.687031168477
2015-05-14 14:30:00;0.16666666666666666;38.347083851751655;8.902391768073677;8.371601572638808;131.80486030842954
2015-05-14 15:00:00;0.1875;38.303619953157174;9.30192179738226;8.19780347093738;133.2578882583395
2015-05-14 15:30:00;0.20833333333333331;38.176892218662154;10.280245685683731;8.137856019501285;136.31055191535052
2015-05-14 16:00:00;0.22916666666666666;38.02188920623935;11.27077439280208;8.520678803114754;135.24232462491116
2015-05-14 16:30:00;0.25;37.9247218705666;11.389004275641314;8.015413918336588;120.59157887007657
2015-05-14 17:00:00;0.2708333333333333;37.66735864813913;11.3810252646941;7.730947965865424;110.93540005213953
2015-05-14 17:30:00;0.29166666666666663;37.078881493212805;11.853889524810997;8.256825386706874;115.42778699409837
2015-05-14 18:00:00;0.3125;36.23066373387239;12.636470587329116;8.714456577297973;122.55360092187316
2015-05-14 18:30:00;0.3333333333333333;35.721887462422664;13.203012398271404;8.370438159623934;125.04405442439557
2015-05-14 19:00:00;0.35416666666666663;35.82946423494243;13.234600233485065;7.323468629163981;121.5639574761568
2015-05-14 19:30:00;0.375;35.88421805172826;13.018152658073598;6.9163153520684615;117.22504988988157
2015-05-14 20:00:00;0.3958333333333333;35.70277342651959;12.711449546035603;7.1383159156352045;113.0759473021254
2015-05-14 20:30:00;0.41666666666666663;35.4195711865566;12.359331836555231;7.328482865299068;109.3761597968477
2015-05-14 21:00:00;0.4375;35.05359234544004;12.024565336782533;7.558089925147666;111.75064143030895
2015-05-14 21:30:00;0.4583333333333333;34.74600862003101;11.738548351563022;7.794890209521819;113.4681925299607
2015-05-14 22:00:00;0.47916666666666663;34.636047583527045;11.582297899220796;7.756390783185787;102.37818179669996
2015-05-14 22:30:00;0.5;34.2962572989291;11.97393986226975;7.011018763850165;94.83536618124116
2015-05-14 23:00:00;0.5208333333333333;33.61182933058649;12.6130540381878;5.948802382058612;97.83484803502503
2015-05-14 23:30:00;0.5416666666666666;33.02315329214915;12.405220425211343;5.8523342705981225;98.67408487480468
2015-05-15 00:00:00;0.5625;32.52546880345527;12.160859725825706;6.330324976949089;106.29334688075599
2015-05-15 00:30:00;0.5833333333333333;32.09263556491079;12.459605342860065;6.446025187702214;112.36749327771857
2015-05-15 01:00:00;0.6041666666666666;31.97473305410093;11.993824927022052;5.687638961623157;65.60768197279765
2015-05-15 01:30:00;0.625;31.453195964643992;11.698078009971836;4.023230733961983;27.416546789322325
2015-05-15 02:00:00;0.6458333333333333;30.014015126542063;12.909792341439138;2.250035100769714;86.35904198007248
2015-05-15 02:30:00;0.6666666666666666;29.54493644909475;13.577221074610724;2.6443833405454438;187.57973284225943
2015-05-15 03:00:00;0.6875;29.949143739202036;13.18964663597853;4.154483086403674;250.85604307031258
2015-05-15 03:30:00;0.7083333333333333;29.465296113280523;12.951282474193004;3.546583194633012;230.21320707130226
2015-05-15 04:00:00;0.7291666666666666;29.165573142137372;12.571557774931089;3.080489667164824;228.92784228088632
2015-05-15 04:30:00;0.75;29.402383638356806;12.222957938150161;3.760762251035615;260.53581091129115
2015-05-15 05:00:00;0.7708333333333333;28.67074617747742;13.108851763614496;3.090841631176984;192.30831016613013
2015-05-15 05:30:00;0.7916666666666666;27.62831322902221;14.732265657202804;1.9724959767469012;157.93657574220194
2015-05-15 06:00:00;0.8125;27.248256869753188;16.25142184259875;2.0833923444169655;265.1862267427533
2015-05-15 06:30:00;0.8333333333333333;27.068244839264615;17.628017311607838;3.2340996918875486;326.01409322856625
2015-05-15 07:00:00;0.8541666666666666;26.863470191450705;17.43816800724395;3.867113955651646;275.0957487332062
2015-05-15 07:30:00;0.875;26.604817145570454;15.015220237044126;2.611714286875248;159.4733793659085
2015-05-15 08:00:00;0.8958333333333333;26.009541023624994;15.17025121970118;1.0611885661017784;45.54099858112498
2015-05-15 08:30:00;0.9166666666666666;24.74438143673506;23.787719346669792;1.39042153091183;3.096682309200503
2015-05-15 09:00:00;0.9375;22.6861305416863;43.63618920496738;4.735089631880598;69.6081075475981
2015-05-15 09:30:00;0.9583333333333333;20.723362208479777;62.47110940844611;7.2387980489718;127.11124346354846
2015-05-15 10:00:00;0.9791666666666666;19.479641523021492;71.75690040924474;7.031670177276155;113.21414974001837
2015-05-15 10:30:00;1.0;18.7374570608715;74.68540364841004;6.99376602061647;104.32449412849499
2015-05-15 11:00:00;1.0208333333333333;18.13365452163814;73.30280734114046;7.838696416402308;108.92963737309267
2015-05-15 11:30:00;1.0416666666666665;17.4795244993824;70.07043082895608;8.581948895639732;107.77691705755325
2015-05-15 12:00:00;1.0625;17.021235194898676;69.84427319284916;7.347036263737976;101.39820377995419
2015-05-15 12:30:00;1.0833333333333333;16.777014517363433;70.41817170289755;4.7910877456398895;93.97909084751508
2015-05-15 13:00:00;1.1041666666666665;16.58694752894046;67.23710011672196;3.0214683252534953;91.68074721877159
2015-05-15 13:30:00;1.125;16.361628780874423;64.7214558596586;2.7913927929441944;103.42689586229436
2015-05-15 14:00:00;1.1458333333333333;16.14276960250872;64.5849878256261;3.240768828785459;107.78997967859148
2015-05-15 14:30:00;1.1666666666666665;16.006335929759725;64.46685012833353;2.621894343902968;71.72374492711823
2015-05-15 15:00:00;1.1875;15.604123806856038;65.03787090040633;1.577926307491231;62.925213628221385
2015-05-15 15:30:00;1.2083333333333333;14.788761335200872;67.67170639314821;1.1140738446470317;102.3735730567924
2015-05-15 16:00:00;1.2291666666666665;13.939769758149307;72.74628958120918;1.4604043102179005;106.45296405116258
2015-05-15 16:30:00;1.25;13.601544712813872;76.60458467314226;1.673418366591671;107.54891724614838
2015-05-15 17:00:00;1.2708333333333333;14.057295053221194;76.08893078351264;1.1573728615771492;143.1567888407037
2015-05-15 17:30:00;1.2916666666666665;14.881366458362836;73.43184610078548;1.2167827370183875;132.76412193229257
2015-05-15 18:00:00;1.3125;15.751136902295926;70.1290109470636;1.9025214259241918;92.61588149982619
2015-05-15 18:30:00;1.3333333333333333;16.47918765674756;66.88564261452905;2.4137132600338065;92.88925287745636
2015-05-15 19:00:00;1.3541666666666665;16.859359979544067;65.28498910965628;2.800460257332866;107.06596805348761
2015-05-15 19:30:00;1.375;17.107577535972588;64.5959475665141;3.0608637187815044;104.85250118442931
2015-05-15 20:00:00;1.3958333333333333;17.73801276477503;62.170485626063616;2.9840025540750266;85.6277530553208
2015-05-15 20:30:00;1.4166666666666665;18.427227011680213;59.400847979023595;2.6193871440270224;107.32795397656032
2015-05-15 21:00:00;1.4375;18.86408208912789;57.211543840983026;2.3648730326420435;190.35311663914894
2015-05-15 21:30:00;1.4583333333333333;19.211579095231095;53.89090933049346;2.895246113160883;269.63190571918585
2015-05-15 22:00:00;1.4791666666666665;19.66883087365168;50.143079765266776;3.8111845307561367;310.0327343009496
2015-05-15 22:30:00;1.5;20.214323493651168;47.3009446681714;4.399824515895284;310.57708665052184
2015-05-15 23:00:00;1.5208333333333333;20.370013351732382;44.99259279332939;4.602746545529296;303.8237624540136
2015-05-15 23:30:00;1.5416666666666665;20.430073467641254;42.82912294893147;5.392632596203561;301.08737249645054
2015-05-16 00:00:00;1.5625;21.003888701136592;40.51608039688058;7.548671733296905;296.34470734326544
2015-05-16 00:30:00;1.5833333333333333;21.55928370983944;37.503875968501774;8.661433123727685;292.29678974736794
2015-05-16 01:00:00;1.6041666666666665;21.90305248630586;34.18362786465077;8.081165228588826;290.69790117375686
2015-05-16 01:30:00;1.625;22.426662364562038;31.679893189052947;7.556653147496476;290.4744208842843
2015-05-16 02:00:00;1.6458333333333333;23.04901302673046;29.00682827061145;6.7900476749148195;293.56283694878164
2015-05-16 02:30:00;1.6666666666666665;23.54332585436879;26.24988455340419;6.009482816716031;297.5786109452904
2015-05-16 03:00:00;1.6875;23.77528529664663;26.01544118752881;7.135426934903016;292.95312576846214
2015-05-16 03:30:00;1.7083333333333333;23.96471553204456;26.602802665799455;8.229428488837625;285.6053634456946
2015-05-16 04:00:00;1.7291666666666665;24.31871965445829;25.582947110834738;7.041062314374317;282.99915659536623
2015-05-16 04:30:00;1.75;24.57761564332325;24.616315281480247;5.7762866832339075;276.31145255244434
2015-05-16 05:00:00;1.7708333333333333;24.764075359826496;23.95442431495706;5.80173472190667;274.5437852330724
2015-05-16 05:30:00;1.7916666666666665;25.114735293850707;22.596521602580477;6.657107582623416;291.43262632153744
2015-05-16 06:00:00;1.8125;25.612885413868277;20.905447323611583;5.649139197956355;298.4871971970277
2015-05-16 06:30:00;1.8333333333333333;26.115240270379285;19.61021623575619;3.9407374267147506;287.2549372654151
2015-05-16 07:00:00;1.8541666666666665;26.415474914092812;19.26837288114683;6.272229301009872;280.71025497795773
2015-05-16 07:30:00;1.875;26.38040911821673;19.209703998076773;8.50085606229418;280.48061859162334
2015-05-16 08:00:00;1.8958333333333333;26.185592075209378;18.91657535512655;7.463585859583256;280.04286683763024
2015-05-16 08:30:00;1.9166666666666665;26.398243978483713;18.9178750923454;7.012067167516174;275.2980316018935
2015-05-16 09:00:00;1.9375;26.752163230048172;19.864067433307824;6.9316638114065485;278.1898970810603
2015-05-16 09:30:00;1.9583333333333333;26.69732405958667;22.02425343406362;5.4708272652942105;294.36652555943874
2015-05-16 10:00:00;1.9791666666666665;26.21448111995573;24.652318006799117;3.8045967985436806;290.206066955245
2015-05-16 10:30:00;2.0;25.370000000000005;26.840000000000003;3.58;225.80000000000004
