Fecha;X;Temperatura;Humedad;Velocidad;Direccion
2016-06-16 17:00:00;0.0;23.753846153846155;27.0;3.96;252.0
2016-06-16 17:30:00;0.020833333333333332;23.75384613666246;27.99111156429275;2.989351071544581;249.92638305160472
2016-06-16 18:00:00;0.041666666666666664;23.753846136108148;28.580629699182325;3.1229143677592806;250.00883507358003
2016-06-16 18:30:00;0.0625;23.7538461457873;28.893336302967178;3.978727921890635;251.5961614476922
2016-06-16 19:00:00;0.08333333333333333;23.753846159304004;29.0540132739458;5.1748297671851775;254.03716755570758
2016-06-16 19:30:00;0.10416666666666666;23.75384617026234;29.187442510416645;6.329257936889447;256.68065877939245
2016-06-16 20:00:00;0.125;23.75384617226639;29.41840591067819;7.0600504642499775;258.87544050051304
2016-06-16 20:30:00;0.14583333333333331;23.753846158920247;29.871685373028892;6.9852453825133045;259.97031810083575
2016-06-16 21:00:00;0.16666666666666666;23.7538461271027;30.652070211437866;5.8117785852370725;259.449977742465
2016-06-16 21:30:00;0.1875;23.753846097894684;31.716592046315004;3.903596714840695;257.8033494796916
2016-06-16 22:00:00;0.20833333333333331;23.753846103224618;32.95605706247917;1.9191205760241377;255.96946845167642
2016-06-16 22:30:00;0.22916666666666666;23.7538461748674;34.26117979055533;0.5167396887544096;254.88631588668804
2016-06-16 23:00:00;0.25;23.75384630120805;35.56946950764773;0.053737047333147075;254.81833881891936
2016-06-16 23:30:00;0.2708333333333333;23.753846373823013;36.92284075069418;0.21558721851611906;254.52724053823445
2016-06-17 00:00:00;0.29166666666666663;23.753846271189886;38.37733477255075;0.5968646858393578;252.57139325704068
2016-06-17 00:30:00;0.3125;23.75384589250904;39.982847623734685;0.8113673717867863;247.5588545656376
2016-06-17 01:00:00;0.3333333333333333;23.753845447054836;41.69732491976642;0.7605328038403937;238.8411225235234
2016-06-17 01:30:00;0.35416666666666663;23.753845382797206;43.40792864922588;0.5672240469930594;226.34199713554537
2016-06-17 02:00:00;0.375;23.753846153846155;45.0;0.36;210.0
2016-06-17 02:30:00;0.3958333333333333;23.75384785614042;46.402222020245475;0.2432901641631795;190.83819442331477
2016-06-17 03:00:00;0.41666666666666663;23.753849152933633;47.71664519919822;0.22500645097154387;174.2178105444399
2016-06-17 03:30:00;0.4375;23.753848349308154;49.08866188636395;0.28893137446078593;166.58462021045648
2016-06-17 04:00:00;0.4583333333333333;23.753843835898106;50.65987668416225;0.41834108633130496;174.20862907727556
2016-06-17 04:30:00;0.47916666666666663;23.75383732916258;52.42464552703928;0.5768269024990021;196.52693211907803
2016-06-17 05:00:00;0.5;23.753834865924908;54.18604312159152;0.7024088409475036;224.10043165596426
2016-06-17 05:30:00;0.5208333333333333;23.753842771745667;55.734360527999726;0.7313979467788214;246.89681911283594
2016-06-17 06:00:00;0.5416666666666666;23.753864817912532;56.871114185543895;0.6168112594685464;256.25480194221564
2016-06-17 06:30:00;0.5625;23.753885898040313;57.48078310090906;0.4351335581594836;253.6457529257579
2016-06-17 07:00:00;0.5833333333333333;23.753882444714897;57.48503034904642;0.3181882283569125;245.0825354366101
2016-06-17 07:30:00;0.6041666666666666;23.7538309995598;56.80649509023199;0.39763441292731694;236.58938665567203
2016-06-17 08:00:00;0.625;23.75373968119213;55.537562505344596;0.7149732089503227;232.06030041586433
2016-06-17 08:30:00;0.6458333333333333;23.753687060672405;54.14934356651367;1.1105512056886377;230.63641628787087
2016-06-17 09:00:00;0.6666666666666666;23.753761241738445;53.164193327559985;1.3974974691485669;230.8157815109102
2016-06-17 09:30:00;0.6875;23.75403531931897;53.068812303198186;1.4044894611219125;231.1634494320814
2016-06-17 10:00:00;0.7083333333333333;23.75435781208764;53.81640346003569;1.1928547136725218;231.24708330899523
2016-06-17 10:30:00;0.7291666666666666;23.75440435947228;54.94948229571617;1.0030152436528623;231.4061574937404
2016-06-17 11:00:00;0.75;23.753846153846155;56.0;1.08;232.0
2016-06-17 11:30:00;0.7708333333333333;23.752613709981844;56.60998802764253;1.5806688397456035;233.231656937647
2016-06-17 12:00:00;0.7916666666666666;23.751674832249126;56.86179889337908;2.3092052522997744;234.6790468013145
2016-06-17 12:30:00;0.8125;23.7522566474171;56.94786537693997;2.981623635167212;235.7638061818258
2016-06-17 13:00:00;0.8333333333333333;23.755524342775185;57.05809318133742;3.319063235122966;235.91812398099768
2016-06-17 13:30:00;0.8541666666666666;23.760235208340774;57.2841479021677;3.241891814326802;234.98441019052646
2016-06-17 14:00:00;0.875;23.762018590408115;57.59007776076331;2.9292820230909804;233.3379665072896
2016-06-17 14:30:00;0.8958333333333333;23.75629478952758;57.93140209453315;2.5777028780151845;231.3897086777681
2016-06-17 15:00:00;0.9166666666666666;23.740333396530406;58.25522378948813;2.3595856089183824;229.54529538009274
2016-06-17 15:30:00;0.9375;23.725071413229983;58.44644289552597;2.2697071776933666;228.17153227161745
2016-06-17 16:00:00;0.9583333333333333;23.727571615495094;58.36207996728852;2.2232193775218283;227.6178109707857
2016-06-17 16:30:00;0.9791666666666666;23.764817836147586;57.859351561874504;2.135081154336332;228.23159314342539
2016-06-17 17:00:00;1.0;23.83093220799878;56.864906252493086;1.9589930059657115;229.96860453976976
2016-06-17 17:30:00;1.0208333333333333;23.869029391666782;55.460304610562105;1.7350929493281118;231.9105563436549
2016-06-17 18:00:00;1.0416666666666665;23.81532240248349;53.74806781613646;1.5152145641782886;233.02089983986934
2016-06-17 18:30:00;1.0625;23.613863547336937;51.831304120036904;1.3499294426156632;232.3769047555916
2016-06-17 19:00:00;1.0833333333333333;23.326004162325436;49.821906091209584;1.270926102193201;230.75890195598151
2016-06-17 19:30:00;1.1041666666666665;23.10339260850867;47.83852848408819;1.2953568322857714;230.25824214261542
2016-06-17 20:00:00;1.125;23.1;46.0;1.4400000000000002;233.0
2016-06-17 20:30:00;1.1458333333333333;23.4208713317372;44.39477244118729;1.6990130698945296;239.89691523055737
2016-06-17 21:00:00;1.1666666666666665;23.97534712195572;42.98979001355208;1.976069896336088;247.0123876083717
2016-06-17 21:30:00;1.1875;24.623841769715465;41.72162002391129;2.152223431143427;249.1974819254426
2016-06-17 22:00:00;1.2083333333333333;25.228657139957438;40.52757360779171;2.111234709332361;241.44409427711713
2016-06-17 22:30:00;1.2291666666666665;25.725470333752497;39.37387824181308;1.8421415002049137;224.2189376763766
2016-06-17 23:00:00;1.25;26.14527547916969;38.26432475243944;1.4707397745152706;205.10070595525139
2016-06-17 23:30:00;1.2708333333333333;26.525436901626957;37.20521438803042;1.1319652838077525;192.14339859457016
2016-06-18 00:00:00;1.2916666666666665;26.898190725287485;36.20557278746377;0.9449362786841656;192.05010830273645
2016-06-18 00:30:00;1.3125;27.25787246191608;35.29456053829082;0.9118697918431478;201.53988242320335
2016-06-18 01:00:00;1.3333333333333333;27.581830456621162;34.5103627716544;0.9825873841112985;212.85688961576687
2016-06-18 01:30:00;1.3541666666666665;27.847451799262657;33.890943934303095;1.1066962673216452;218.24317887608953
2016-06-18 02:00:00;1.375;28.057324633671552;33.41845883781002;1.240757138542072;213.96630908710907
2016-06-18 02:30:00;1.3958333333333333;28.270263983529357;32.950543626587915;1.356844838784261;205.2752833613926
2016-06-18 03:00:00;1.4166666666666665;28.552692737867343;32.32798625329845;1.4291333744138186;198.63435307936396
2016-06-18 03:30:00;1.4375;28.962673787658247;31.414227012303723;1.4365940851383951;199.98991492701822
2016-06-18 04:00:00;1.4583333333333333;29.43317968255426;30.411652347854293;1.429980631783681;207.5397249774171
2016-06-18 04:30:00;1.4791666666666665;29.800888179755425;29.783570121565244;1.5153048481152431;213.51662041594318
2016-06-18 05:00:00;1.5;29.9;30.0;1.8;210.0
2016-06-18 05:30:00;1.5208333333333333;29.627511037049825;31.337281699535858;2.344856210935078;191.80603712643688
2016-06-18 06:00:00;1.5416666666666665;29.131597876761248;33.29703513580579;3.0240910349384804;164.69800374988492
2016-06-18 06:30:00;1.5625;28.62323227801421;35.187200274256696;3.665278883658431;137.17594646442058
2016-06-18 07:00:00;1.5833333333333333;28.309801189277565;36.32840901616015;4.09861214652055;117.60425861814673
2016-06-18 07:30:00;1.6041666666666665;28.259332054287466;36.53469226797416;4.25605709904752;109.07381362191414
2016-06-18 08:00:00;1.625;28.358819391018063;36.2610236953056;4.201787894521521;107.82499596487101
2016-06-18 08:30:00;1.6458333333333333;28.483158982305934;36.00521224716986;4.00881436122352;109.64036043100216
2016-06-18 09:00:00;1.6666666666666665;28.523965794156524;36.19951567248316;3.7455609694257994;110.69618369930619
2016-06-18 09:30:00;1.6875;28.496420005682715;36.79172738192921;3.4465635278677995;110.07859332911775
2016-06-18 10:00:00;1.7083333333333333;28.471084090244265;37.512502435863404;3.1311688468852363;108.17792065700479
2016-06-18 10:30:00;1.7291666666666665;28.518596433425035;38.09192450199895;2.818673156643358;105.3920857529484
2016-06-18 11:00:00;1.75;28.670306518070184;38.35608035823746;2.5328386895738935;102.42361639329863
2016-06-18 11:30:00;1.7708333333333333;28.869905095914504;38.34525240096689;2.3073919190144587;100.65466037852123
2016-06-18 12:00:00;1.7916666666666665;29.049222117865998;38.128705097575455;2.177407545401976;101.55932255251406
2016-06-18 12:30:00;1.8125;29.142864045643314;37.77759823132838;2.172619583853184;106.43394734244295
2016-06-18 13:00:00;1.8333333333333333;29.126982169390804;37.39145112676176;2.2428495728420472;113.91505664362934
2016-06-18 13:30:00;1.8541666666666665;29.00970907044194;37.09161433943945;2.2764022680803953;120.59163569940605
2016-06-18 14:00:00;1.875;28.8;37.0;2.16;123.0
2016-06-18 14:30:00;1.8958333333333333;28.512852521831626;37.18968313050776;1.8226210773037101;118.98830948166488
2016-06-18 15:00:00;1.9166666666666665;28.18743344995685;37.53839031873033;1.3622677217786547;111.65210186476185
2016-06-18 15:30:00;1.9375;27.868951910959044;37.87501104386113;0.919198133483032;105.39875931567877
2016-06-18 16:00:00;1.9583333333333333;27.60134492322556;38.03488854136393;0.6318428147251212;104.58295425062387
2016-06-18 16:30:00;1.9791666666666665;27.379096299022383;38.104255821713984;0.5675805177845833;111.51026754756026
2016-06-18 17:00:00;2.0;27.132448386715083;38.4952605870413;0.7014912585695198;125.8244377003649
2016-06-18 17:30:00;2.020833333333333;26.78735016950759;39.6418319668884;1.0024865730820016;146.99130779605662
2016-06-18 18:00:00;2.0416666666666665;26.27992958659524;41.92807073253373;1.4368230916076496;174.20781795376388
2016-06-18 18:30:00;2.0625;25.621543423797572;45.369814944959536;1.951136031871277;204.68354729553792
2016-06-18 19:00:00;2.083333333333333;24.857266258655738;49.81784622839787;2.48326623641188;234.7373338622878
2016-06-18 19:30:00;2.1041666666666665;24.032351800189037;55.12138877208781;2.9709753599272606;260.69280594813586
2016-06-18 20:00:00;2.125;23.196311839069917;60.96454698344882;3.34403160996001;280.77986660915093
2016-06-18 20:30:00;2.145833333333333;22.40815850852702;66.6630212283881;3.5143687577112326;297.48156966744887
2016-06-18 21:00:00;2.1666666666666665;21.728189400401195;71.48266439150936;3.3915074582597264;313.8564481185647
2016-06-18 21:30:00;2.1875;21.212553462881097;74.73891276520344;2.896827205156488;332.60072766283866
2016-06-18 22:00:00;2.208333333333333;20.85532364284018;76.48911733616445;2.129150852796003;350.9894433614125
2016-06-18 22:30:00;2.2291666666666665;20.602786658416665;77.36175649189931;1.3238975061230134;362.12438698634344
2016-06-18 23:00:00;2.25;20.4;78.0;0.7200000000000001;359.0
2016-06-18 23:30:00;2.270833333333333;20.20203681940588;78.912035790896;0.4881011051316565;337.9884879973353
2016-06-19 00:00:00;2.2916666666666665;20.004032914155115;80.06612444636686;0.5256833355915554;308.9731131036343
2016-06-19 00:30:00;2.3125;19.811139743194794;81.29554471102958;0.6619391412955085;285.21490157676675
2016-06-19 01:00:00;2.333333333333333;19.62840855179693;82.43560665226727;0.7286714739746579;279.7003755899418
2016-06-19 01:30:00;2.3541666666666665;19.45699477861492;83.40058800999569;0.659166543431497;294.7447110252002
2016-06-19 02:00:00;2.375;19.29299307171079;84.20734832381909;0.518540901143195;318.80062748923933
2016-06-19 02:30:00;2.395833333333333;19.132159857993184;84.8796028476774;0.380721542213699;339.39439330302696
2016-06-19 03:00:00;2.4166666666666665;18.9716225643929;85.43420127072241;0.3105700893443519;345.5761280632475
2016-06-19 03:30:00;2.4375;18.818641164879526;85.83725246734284;0.3059493973235618;337.6581647011673
2016-06-19 04:00:00;2.458333333333333;18.685017070996082;86.03212312856644;0.33469327485612876;321.0005934988607
2016-06-19 04:30:00;2.4791666666666665;18.58249995536891;85.96276225671687;0.36454897206612363;300.9845147924509
2016-06-19 05:00:00;2.5;18.50732940272026;85.71931103220217;0.37494236604625225;282.3974030258214
2016-06-19 05:30:00;2.520833333333333;18.421139943156103;85.71808469313747;0.3713558931164179;268.70227487384716
2016-06-19 06:00:00;2.5416666666666665;18.280883816094388;86.41953196536159;0.36279761283233913;263.1829391948767
2016-06-19 06:30:00;2.5625;18.047595495114024;88.19863383543586;0.3578172161883088;268.7132988362595
2016-06-19 07:00:00;2.583333333333333;17.743391772350645;90.1515206725855;0.35810584237062054;282.0338481844542
2016-06-19 07:30:00;2.6041666666666665;17.43741072971991;90.38986110843305;0.36007490380247914;295.1635716473635
2016-06-19 08:00:00;2.625;17.200000000000003;87.00000000000011;0.36;300.0000000000001
2016-06-19 08:30:00;2.645833333333333;17.084352368229702;78.85366833872615;0.35575905428991605;291.17319800625256
2016-06-19 09:00:00;2.6666666666666665;17.07504122849018;67.96414165372032;0.3516392852414289;274.2433663855097
2016-06-19 09:30:00;2.6875;17.139485127123198;57.13008160850993;0.35353023523435795;257.5032398460365
2016-06-19 10:00:00;2.708333333333333;17.245815564826824;49.11781460087866;0.3670470646600931;249.02001575074254
2016-06-19 10:30:00;2.7291666666666665;17.389880142900648;45.43663357282306;0.38713833410985127;248.09312716186002
2016-06-19 11:00:00;2.75;17.603530657637823;45.96290054628309;0.3948963137591872;242.63237120119115
2016-06-19 11:30:00;2.770833333333333;17.921025126284036;50.4638460213133;0.3704872345727095;219.78635644996524
2016-06-19 12:00:00;2.7916666666666665;18.368077277175637;58.501352734591784;0.3020371613537135;169.48204861720544
2016-06-19 12:30:00;2.8125;18.907253203428134;68.11965510908942;0.23650030586956022;102.18020905954864
2016-06-19 13:00:00;2.833333333333333;19.47281604114473;76.68277310159115;0.24719782947827054;37.54490711945594
2016-06-19 13:30:00;2.8541666666666665;19.99903167870145;81.55718729631417;0.4074207160505397;-4.7574073144992255
2016-06-19 14:00:00;2.875;20.449052443315836;81.31124575916864;0.7576953725532276;-13.758916562814356
2016-06-19 14:30:00;2.895833333333333;20.850480122450968;77.19482164493822;1.2654461074837682;2.1003997196106283
2016-06-19 15:00:00;2.9166666666666665;21.239636937937192;70.82061602740811;1.8882060363120559;31.754559701552346
2016-06-19 15:30:00;2.9375;21.65284511160487;63.801329980363825;2.5835082745079525;64.13758155178635
2016-06-19 16:00:00;2.958333333333333;22.12642686528432;57.74966457759088;3.308885937541315;88.18348343908798
2016-06-19 16:30:00;2.9791666666666665;22.696704420805915;54.27832089287442;4.021872140882045;92.82628353223417
2016-06-19 17:00:00;3.0;23.4;55.0;4.680000000000001;67.00000000000001
