Fecha;X;Temperatura;Humedad;Velocidad;Direccion
2019-07-15 14:00:00;0.0;34.0;27.0;22.7;270.0
2019-07-15 14:30:00;0.020833333333333332;33.504735937405954;27.98930186700617;20.33970974226925;293.0182484361691
2019-07-15 15:00:00;0.041666666666666664;33.88611933685722;28.022824286904687;12.90939090388795;292.5043369338656
2019-07-15 15:30:00;0.0625;33.80493982284631;26.988157372900123;24.176908246418396;316.03771165778744
2019-07-15 16:00:00;0.08333333333333333;34.10405479634927;26.99885124502548;11.480371212958074;292.6907625844045
2019-07-15 16:30:00;0.10416666666666666;34.212691319049654;27.000122652407608;8.942635911153198;293.23824249895506
2019-07-15 17:00:00;0.125;34.54911043091291;26.998246782874382;31.267352110148888;291.07197938082015
2019-07-15 17:30:00;0.14583333333333331;34.726266837954945;26.980990286189776;15.52720715829834;316.6385536866069
2019-07-15 18:00:00;0.16666666666666666;34.59948243369413;26.131805605129532;15.27873849606313;271.148969758473
2019-07-15 18:30:00;0.1875;34.79832651398399;25.995983418446144;13.58493170089497;314.57081972973066
2019-07-15 19:00:00;0.20833333333333331;34.81978774393216;25.28985965381511;20.9624103729775;292.04400866099974
2019-07-15 19:30:00;0.22916666666666666;35.13496498216018;21.10100696082771;22.294876691606394;295.5898412781298
2019-07-15 20:00:00;0.25;35.56754338759985;22.469044526026103;14.623605165233213;286.25534672084933
2019-07-15 20:30:00;0.2708333333333333;35.32819041454087;21.743257462417677;18.436372123591443;275.7980560403756
2019-07-15 21:00:00;0.29166666666666663;35.396316407975355;22.174734427608232;18.52531341332203;289.78441698616814
2019-07-15 21:30:00;0.3125;35.440671203023;19.694720013484964;32.12884719118402;268.7015477405341
2019-07-15 22:00:00;0.3333333333333333;35.501454914283876;19.57337477197449;14.289620937326145;285.80769108467393
2019-07-15 22:30:00;0.35416666666666663;35.4798637154592;20.203356801224505;14.812904606515545;292.5132430102911
2019-07-15 23:00:00;0.375;35.48659451880839;18.31866738872882;18.66489339848279;292.90391652388195
2019-07-15 23:30:00;0.3958333333333333;35.238329379121794;18.745293020222174;23.445825004324924;292.16857457752184
2019-07-16 00:00:00;0.41666666666666663;35.40304207024644;17.860623053197944;25.209612923999444;276.955820541976
2019-07-16 00:30:00;0.4375;35.3488307728737;17.417553444849858;15.242903841101265;298.114831222831
2019-07-16 01:00:00;0.4583333333333333;35.41398595193862;17.018941689954957;24.823035306661687;268.0055475581148
2019-07-16 01:30:00;0.47916666666666663;35.516320793931;16.921193049523687;30.21816839320385;269.73362061677096
2019-07-16 02:00:00;0.5;35.578372570441964;15.90137672986592;18.950148448111168;268.36182259256503
2019-07-16 02:30:00;0.5208333333333333;34.94027764250955;29.218556751743105;26.522880493787632;361.4262185005438
2019-07-16 03:00:00;0.5416666666666666;34.92526584332327;26.852857600410427;12.0638737934861;-65.61203615026609
2019-07-16 03:30:00;0.5625;34.75390298765702;27.698387441917873;13.606839020268772;400.1566077196848
2019-07-16 04:00:00;0.5833333333333333;33.831154656542246;34.39522576210764;23.441842565778444;-8.33020012122115
2019-07-16 04:30:00;0.6041666666666666;33.37408304277977;35.75283458731126;10.406973172276775;20.63962237281513
2019-07-16 05:00:00;0.625;33.033793751320815;37.20798303681901;16.577754781612185;21.521881364953835
2019-07-16 05:30:00;0.6458333333333333;32.55702380836682;38.99689062663288;33.540528703441254;54.41982438984401
2019-07-16 06:00:00;0.6666666666666666;32.15970550137161;40.097849636956795;21.214798651792723;59.880661081239104
2019-07-16 06:30:00;0.6875;32.179913387628474;39.82563279382341;24.68635955319439;37.268562608270926
2019-07-16 07:00:00;0.7083333333333333;31.59406826188936;42.28558497418493;15.60787290422006;49.91153948943242
2019-07-16 07:30:00;0.7291666666666666;31.24536430423856;43.31407885799046;21.664509776013933;45.29037275892977
2019-07-16 08:00:00;0.75;30.871639399516397;45.310222570322495;21.282902877955557;45.473962059944284
2019-07-16 08:30:00;0.7708333333333333;30.554363385471834;46.1859118361952;18.58572562005065;51.06279181012546
2019-07-16 09:00:00;0.7916666666666666;30.11478977014795;47.16525102707064;13.90078816568214;40.11695571187396
2019-07-16 09:30:00;0.8125;29.87575826590588;49.01717870596006;15.145060822539675;45.889238873760846
2019-07-16 10:00:00;0.8333333333333333;29.26985037908108;50.43997580135075;21.252745563881373;18.14640543242716
2019-07-16 10:30:00;0.8541666666666666;28.770542529455085;52.60146589940427;23.716514512457547;47.62758841887525
2019-07-16 11:00:00;0.875;28.147934566977536;53.63454370219239;22.988538470930088;45.59687449015668
2019-07-16 11:30:00;0.8958333333333333;27.730738024821697;54.185636102275396;26.356955031692994;51.05113532052599
2019-07-16 12:00:00;0.9166666666666666;27.38452564624967;54.10558562585758;22.625246814077833;68.10502283373958
2019-07-16 12:30:00;0.9375;26.98733065339465;58.11920185775998;12.744223511661069;44.170082289812164
2019-07-16 13:00:00;0.9583333333333333;26.589519194641518;62.06148357356917;8.515769971817015;44.95874591561048
2019-07-16 13:30:00;0.9791666666666666;25.99436410404674;64.02580282748109;24.720087888012372;44.99847158979032
2019-07-16 14:00:00;1.0;25.499999999999996;64.99999999999999;13.59999999999994;45.0
