Fecha;X;Temperatura;Humedad;Velocidad;Direccion
2020-08-28 21:00:00;0.0;26.0;59.0;4.8;207.0
2020-08-28 21:30:00;0.046511627906976744;26.2;55.0;1.6;201.0
2020-08-28 22:00:00;0.09302325581395349;25.8;53.0;3.2;207.0
2020-08-28 22:30:00;0.13953488372093023;26.2;52.0;0.0;198.0
2020-08-28 23:00:00;0.18604651162790697;25.8;52.0;1.6;245.0
2020-08-28 23:30:00;0.23255813953488372;24.7;56.0;3.2;207.0
2020-08-29 00:00:00;0.27906976744186046;25.3;51.0;0.0;245.0
2020-08-29 00:30:00;0.32558139534883723;25.2;47.0;1.5999999999999959;246.99999999999997
2020-08-29 01:00:00;0.37209302325581395;25.1;47.0;1.6;146.0
2020-08-29 01:30:00;0.41860465116279066;24.9;47.0;6.399999999999997;255.00000000000017
2020-08-29 02:00:00;0.46511627906976744;24.7;46.0;1.6;264.0
2020-08-29 02:30:00;0.5116279069767442;24.3;44.0;3.2;191.0
2020-08-29 03:00:00;0.5581395348837209;24.0;41.0;4.8;195.0
2020-08-29 03:30:00;0.6046511627906976;23.6;38.0;11.3;254.0
2020-08-29 04:00:00;0.6511627906976745;23.5;36.99999999999999;1.6000000000000332;246.9999999999996
2020-08-29 04:30:00;0.6976744186046512;23.5;34.0;0.0;186.0
2020-08-29 05:00:00;0.7441860465116279;21.9;64.0;6.4;198.0
2020-08-29 05:30:00;0.7906976744186046;20.4;74.99999999999997;8.000000000000004;214.99999999999997
2020-08-29 06:00:00;0.8372093023255813;20.2;77.0;1.6000000000000012;206.99999999999943
2020-08-29 06:30:00;0.8837209302325582;19.8;78.0;3.2;61.0
2020-08-29 07:00:00;0.9302325581395349;18.8;79.0;0.0;105.0
2020-08-29 07:30:00;0.9767441860465116;18.2;84.0;0.0;63.0
2020-08-29 08:00:00;1.0232558139534884;18.4;85.0;1.6;63.0
2020-08-29 08:30:00;1.069767441860465;18.7;84.0;4.8;55.0
2020-08-29 09:00:00;1.1162790697674418;18.9;81.0;4.8;66.0
2020-08-29 09:30:00;1.1627906976744187;19.2;80.0;1.6;54.0
2020-08-29 10:00:00;1.2093023255813953;19.8;76.0;4.8;55.0
2020-08-29 10:30:00;1.255813953488372;20.6;71.0;0.0;260.0
2020-08-29 11:00:00;1.302325581395349;21.899999999999995;67.0;3.199999999999989;110.9999999999999
2020-08-29 11:30:00;1.3488372093023255;22.5;63.0;1.6;63.0
2020-08-29 12:00:00;1.3953488372093024;22.4;65.0;0.0;83.0
2020-08-29 12:30:00;1.441860465116279;22.9;54.0;3.2;48.0
2020-08-29 13:00:00;1.4883720930232558;20.8;72.0;1.6;80.0
2020-08-29 13:30:00;1.5348837209302326;19.3;83.0;1.6;77.0
2020-08-29 14:00:00;1.5813953488372092;18.100000000000005;86.99999999999999;1.6000000000000227;89.99999999999999
2020-08-29 14:30:00;1.627906976744186;17.599999999999998;88.99999999999999;1.5999999999999983;89.00000000000006
2020-08-29 15:00:00;1.6744186046511627;17.499999999999996;89.00000000000001;-1.509903313490213e-14;64.99999999999993
2020-08-29 15:30:00;1.7209302325581395;17.4;89.0;1.6;76.0
2020-08-29 16:00:00;1.7674418604651163;17.3;90.0;1.6;49.0
2020-08-29 16:30:00;1.813953488372093;17.9;85.0;6.4;77.0
2020-08-29 17:00:00;1.8604651162790697;17.1;92.0;1.6;78.0
2020-08-29 17:30:00;1.9069767441860466;16.29999999999999;92.99999999999999;3.1999999999999678;134.00000000000017
2020-08-29 18:00:00;1.9534883720930232;14.8;94.0;4.8;206.0
2020-08-29 18:30:00;2.0;14.899999999999999;95.0;1.6;176.0
