Fecha;X;Temperatura;Humedad;Velocidad;Direccion
2018-08-06 14:30:00;0.0;37.2;35.0;23.040000000000003;135.0
2018-08-06 15:00:00;0.028037383177570093;36.815837527499355;32.36529563754864;16.212439895383433;193.2285830467308
2018-08-06 15:30:00;0.056074766355140186;36.89603686421899;31.015054111979826;11.238271316895496;229.49182911046944
2018-08-06 16:00:00;0.08411214953271028;37.12931875764544;30.651820694865346;7.7721540959297215;249.21434520083452
2018-08-06 16:30:00;0.11214953271028037;37.204403955265256;30.978140657777047;5.468748063879638;257.8207383274448
2018-08-06 17:00:00;0.14018691588785046;36.859972616974474;31.74502915877911;4.173469489503451;260.8832381751697
2018-08-06 17:30:00;0.16822429906542055;36.0585168635174;32.92064042572757;4.586299782178944;264.6354056739843
2018-08-06 18:00:00;0.19626168224299065;34.88175529138228;34.65732410685151;6.964144175553997;273.8170769251862
2018-08-06 18:30:00;0.22429906542056074;33.67969141866755;37.692642465724305;8.328659904805596;285.20733633324795
2018-08-06 19:00:00;0.2523364485981308;32.80692541006912;42.141714111524216;5.967500529679752;293.3672826030505
2018-08-06 19:30:00;0.2803738317757009;32.24235227856874;44.12504617031658;3.312622612201517;293.556533393389
2018-08-06 20:00:00;0.308411214953271;31.852885044624593;39.86041344373082;4.3863793845494;278.1529951540856
2018-08-06 20:30:00;0.3364485981308411;31.53551534726745;32.73197184116609;6.122053365626946;223.05139712450676
2018-08-06 21:00:00;0.3644859813084112;31.182651143586057;28.4583096227243;4.501581231759413;118.68563313167562
2018-08-06 21:30:00;0.3925233644859813;30.60474474053789;32.54632886559639;3.364151219981677;68.09513530907788
2018-08-06 22:00:00;0.4205607476635514;29.664952666435923;48.350900053593826;7.584027254029822;176.33280360064342
2018-08-06 22:30:00;0.4485981308411215;28.71207614233114;66.82740699136656;11.810038400841801;325.42374302437054
2018-08-06 23:00:00;0.4766355140186916;28.175799193178527;76.43554563756685;8.704018630567166;347.8299397454494
2018-08-06 23:30:00;0.5046728971962616;27.862442864991113;78.82372745548761;2.261073991741304;283.76060067370565
2018-08-07 00:00:00;0.5327102803738317;27.3959264928038;80.09331957463056;-0.27065230260462786;240.18350544313375
2018-08-07 00:30:00;0.5607476635514018;26.808148663007586;81.69760957263097;0.5131977794095355;228.08749803840143
2018-08-07 01:00:00;0.5887850467289719;26.274799041450215;83.22977207448693;1.1816026107100437;222.40481432509665
2018-08-07 01:30:00;0.616822429906542;25.798433823565198;84.68960525414754;1.1254199725133105;223.06871224261852
2018-08-07 02:00:00;0.6448598130841121;25.319911981510447;86.09960841305747;0.9151759627257415;236.61052797844297
2018-08-07 02:30:00;0.6728971962616822;24.88351284445633;86.29852925182436;0.7489077985106971;236.97041757051366
2018-08-07 03:00:00;0.7009345794392523;24.556773210578307;84.1147683203142;0.6549700452820575;190.2231344762945
2018-08-07 03:30:00;0.7289719626168224;24.212429405954307;82.65615806598596;0.6859370649152241;119.32201902868648
2018-08-07 04:00:00;0.7570093457943925;23.670697635587857;86.19641923082946;0.8815534403756274;73.04285406857859
2018-08-07 04:30:00;0.7850467289719626;23.10745268775144;91.31055859012238;1.0678962302410049;86.14885560351166
2018-08-07 05:00:00;0.8130841121495327;22.84802429131069;91.49939053405298;0.999912015708925;175.20226905645671
2018-08-07 05:30:00;0.8411214953271028;22.930562079952217;87.95013327690285;0.7740308684801757;256.4123792617988
2018-08-07 06:00:00;0.8691588785046729;23.27529971253109;85.37064843173154;0.6492727955046677;212.16879321622164
2018-08-07 06:30:00;0.897196261682243;24.15684770653468;82.5707354759283;0.6854489769372616;117.68549917594683
2018-08-07 07:00:00;0.9252336448598131;25.962998809996353;75.59420010459054;0.8286944484801447;135.90453312856832
2018-08-07 07:30:00;0.9532710280373832;28.176387047300732;66.46785597822556;1.0191646618693284;210.61265184618344
2018-08-07 08:00:00;0.9813084112149533;29.826557916740803;60.238966257970645;1.1997353960948365;174.11944828252112
2018-08-07 08:30:00;1.0093457943925233;30.87994309122161;55.89719352451465;1.3744950030875673;70.29406074304063
2018-08-07 09:00:00;1.0373831775700935;31.856403800750762;49.10357298495433;1.578457830957902;60.60256789509238
2018-08-07 09:30:00;1.0654205607476634;32.863537146662736;41.163203443613;1.7606063477178235;124.8186699664576
2018-08-07 10:00:00;1.0934579439252337;33.7459511001555;36.75760338151906;1.8467053153559136;132.7470401423914
2018-08-07 10:30:00;1.1214953271028036;34.5138251914212;35.984574209184295;2.1901567345357127;86.80219046960812
2018-08-07 11:00:00;1.1495327102803738;35.28450365949804;35.87412116203315;3.365484629875174;76.27062605336285
2018-08-07 11:30:00;1.1775700934579438;36.03549858027167;35.30033665605771;4.931582226686456;109.29219254740167
2018-08-07 12:00:00;1.205607476635514;36.64653932679575;34.53072901515724;5.796437338306686;136.27962910387888
2018-08-07 12:30:00;1.233644859813084;37.07336624172921;34.01081311726132;6.176315864706141;142.5076372595746
2018-08-07 13:00:00;1.2616822429906542;37.33528829254207;34.243719309457;7.216124239270513;140.46573743831524
2018-08-07 13:30:00;1.2897196261682242;37.514674909423015;34.870178189528325;8.795894898256408;137.22373574337678
2018-08-07 14:00:00;1.3177570093457944;37.73359986855215;34.894794517796136;9.839611293823673;134.74365930305814
2018-08-07 14:30:00;1.3457943925233644;37.95059494755276;34.279637032879926;10.571754696801893;131.22895917150473
2018-08-07 15:00:00;1.3738317757009346;37.99302614059383;33.78734885646602;12.251483325239615;122.43445479128634
2018-08-07 15:30:00;1.4018691588785046;37.82591961009771;33.804862860736364;14.60617850386761;115.16136359805115
2018-08-07 16:00:00;1.4299065420560748;37.53450770109452;34.30608751707569;16.011838485903596;124.48933827773196
2018-08-07 16:30:00;1.4579439252336448;37.10060825816543;34.07690242074366;15.479248039893573;134.0643358072996
2018-08-07 17:00:00;1.485981308411215;36.40447098325182;31.101432898630136;12.75611311280105;101.84306005869082
2018-08-07 17:30:00;1.514018691588785;35.289573536765516;29.71359287336347;9.881384176049822;68.79400119891895
2018-08-07 18:00:00;1.5420560747663552;33.584011040591484;39.86567054150958;10.948764322146163;150.5857705846353
2018-08-07 18:30:00;1.5700934579439252;31.51844690996986;56.9183466612687;16.3596994510587;288.6659925695867
2018-08-07 19:00:00;1.5981308411214954;29.717251499119833;61.75211926960332;22.618939945889935;252.39894233463238
2018-08-07 19:30:00;1.6261682242990654;28.289240009811245;54.08978427408114;25.575672991338976;65.97113203473512
2018-08-07 20:00:00;1.6542056074766356;26.78804493960398;54.095293200982354;20.783558206392502;27.67505243107449
2018-08-07 20:30:00;1.6822429906542056;25.323211830744736;65.85606027267221;10.172918596307483;184.20345679207117
2018-08-07 21:00:00;1.7102803738317758;24.639931851433666;74.43680569292887;2.7320021853457934;287.07979555683875
2018-08-07 21:30:00;1.7383177570093458;24.70704931709765;74.68553955674611;1.9622092592077975;240.1283010334214
2018-08-07 22:00:00;1.766355140186916;24.552240905405526;74.15848226467254;4.400320050345609;146.489371600276
2018-08-07 22:30:00;1.794392523364486;23.98559172531839;75.70328475427038;6.8032969511008865;90.98303819172034
2018-08-07 23:00:00;1.822429906542056;23.846873429106765;75.44126081480401;6.766942807928005;119.69655511648416
2018-08-07 23:30:00;1.8504672897196262;24.354742078064465;72.53158704117915;4.180317277196796;224.23085070258583
2018-08-08 00:00:00;1.8785046728971961;24.835901259131518;70.61287656398017;1.8423729841852354;328.0744401259813
2018-08-08 00:30:00;1.9065420560747663;24.97402130687725;70.56934941209116;1.2216729914920297;362.7953853414349
2018-08-08 01:00:00;1.9345794392523363;25.0239868408977;69.13164497034082;1.676025924216593;279.38160725104024
2018-08-08 01:30:00;1.9626168224299065;25.01378541903501;66.2521724360976;2.368194512949076;124.91608849704566
2018-08-08 02:00:00;1.9906542056074765;24.58756642223983;66.93143909128587;2.4138075611827965;81.26743443532436
2018-08-08 02:30:00;2.0186915887850465;23.70763739805635;72.60779047058824;1.6316622758911652;188.6326216633409
2018-08-08 03:00:00;2.046728971962617;22.864413958738954;78.70882263333601;0.913091987964128;256.6911751574123
2018-08-08 03:30:00;2.074766355140187;22.367459129726118;82.14462055661129;0.8227573921404527;196.95370936623934
2018-08-08 04:00:00;2.102803738317757;22.1635819478988;83.02380367969867;1.2542787344015944;114.79575410903513
2018-08-08 04:30:00;2.130841121495327;22.075607155024947;82.34053278072784;1.8916159469288922;80.34540008670892
2018-08-08 05:00:00;2.1588785046728973;21.776528055413813;82.0817147003554;2.170586270974105;74.89833184069161
2018-08-08 05:30:00;2.1869158878504673;21.315095738851216;82.87354907703896;1.8484716733242703;84.07982859133428
2018-08-08 06:00:00;2.2149532710280373;21.429243992563165;82.76032070440363;1.295305226294742;116.24054510653845
2018-08-08 06:30:00;2.2429906542056073;22.502019600108984;80.08575234029144;0.8583160351667363;165.79617557766377
2018-08-08 07:00:00;2.2710280373831777;24.12093173491973;74.25928084751209;0.7231419490706962;196.95444196742966
2018-08-08 07:30:00;2.2990654205607477;25.85798915040016;66.02919969690144;0.9040982266832492;198.32345755730043
2018-08-08 08:00:00;2.3271028037383177;27.427078307013122;58.54203011558303;1.113766128803246;212.81873778249738
2018-08-08 08:30:00;2.3551401869158877;28.676630361986245;53.93698634493071;1.1487611059614078;249.5651479159588
2018-08-08 09:00:00;2.383177570093458;29.699731937610323;51.682350945723144;1.0537677406583634;234.74350140194414
2018-08-08 09:30:00;2.411214953271028;30.603834757510654;50.7475516878711;1.040758848487937;141.25290773820734
2018-08-08 10:00:00;2.439252336448598;31.461012977470695;49.740056897950126;1.6201050701085355;66.4262578064216
2018-08-08 10:30:00;2.467289719626168;32.25146702084359;48.039610241524976;3.359292804026727;73.06284857863466
2018-08-08 11:00:00;2.4953271028037385;32.75486672429767;46.91429532868641;6.864308785946977;106.58271807098234
2018-08-08 11:30:00;2.5233644859813085;32.8599115541401;47.40857856015713;12.000432062296156;119.06516170376977
2018-08-08 12:00:00;2.5514018691588785;32.78850981554679;49.37868599517608;16.821413439682235;118.79126714099505
2018-08-08 12:30:00;2.5794392523364484;32.734751606677904;52.15298451741437;19.96452283079669;117.87621249307342
2018-08-08 13:00:00;2.607476635514019;32.69414882614918;54.16110084933694;22.254571169663915;116.8014316338637
2018-08-08 13:30:00;2.635514018691589;32.661252081330744;54.42455280312359;24.23991865474323;114.99146200046329
2018-08-08 14:00:00;2.663551401869159;32.71289898625259;53.95138879145127;24.785302653071053;113.9823627581317
2018-08-08 14:30:00;2.691588785046729;32.877507065012054;53.60705673681549;23.16741260414378;111.80342958959586
2018-08-08 15:00:00;2.719626168224299;33.00561483674492;52.89792970158369;20.64729937227259;95.45800416288976
2018-08-08 15:30:00;2.7476635514018692;32.918889445312665;51.75673742550333;18.476165787260857;70.64975594121086
2018-08-08 16:00:00;2.7757009345794392;32.44721250878881;52.13327410775783;16.81077011114977;105.48295268561068
2018-08-08 16:30:00;2.803738317757009;31.467954039833277;55.60723504939717;15.31864951451594;234.04763805308113
2018-08-08 17:00:00;2.831775700934579;30.005242883317536;61.36446864635161;12.762491857756096;344.3176197325522
2018-08-08 17:30:00;2.8598130841121496;28.279415213191786;67.77836393691877;8.50817883901766;334.59922202491475
2018-08-08 18:00:00;2.8878504672897196;27.074712223582875;72.08891569647075;4.567475811267714;236.39547909391672
2018-08-08 18:30:00;2.9158878504672896;26.972980643571226;72.56473054834318;2.847899944712878;111.86930325116899
2018-08-08 19:00:00;2.9439252336448596;27.408154118936885;72.00307709399439;2.8911016680961663;32.36526318875954
2018-08-08 19:30:00;2.97196261682243;27.55792859072982;74.21211401676614;3.710621510248314;71.27746130545006
2018-08-08 20:00:00;3.0;26.6;83.0;4.32;301.99999999999994
