Fecha;X;Temperatura;Humedad;Velocidad;Direccion
2016-09-05 14:00:00;0.0;35.72;20.39;3.33;218.6
2016-09-05 14:30:00;0.034482758620689655;35.04;21.62;2.98;218.1
2016-09-05 15:00:00;0.06896551724137931;34.38;21.38;2.84;219.2
2016-09-05 15:30:00;0.10344827586206896;35.07;19.95;2.61;218.9
2016-09-05 16:00:00;0.13793103448275862;35.55;19.81;2.11;227.0
2016-09-05 16:30:00;0.1724137931034483;35.42;19.27;1.6999999999999995;218.9
2016-09-05 17:00:00;0.20689655172413793;35.29;19.09;1.05;229.5
2016-09-05 17:30:00;0.24137931034482757;34.88;18.43;0.87;245.7
2016-09-05 18:00:00;0.27586206896551724;33.51;21.65;0.26;284.2
2016-09-05 18:30:00;0.3103448275862069;31.3;25.73;0.01;307.1
2016-09-05 19:00:00;0.3448275862068966;29.83;27.32;0.5100000000000008;41.37000000000012
2016-09-05 19:30:00;0.3793103448275862;29.35;26.94;0.76;318.9
2016-09-05 20:00:00;0.41379310344827586;29.47;25.94;0.99;10.67
2016-09-05 20:30:00;0.4482758620689655;29.31;25.5;1.77;342.5
2016-09-05 21:00:00;0.48275862068965514;29.6;24.46;1.97;337.8
2016-09-05 21:30:00;0.5172413793103449;29.44;24.3;1.75;340.4
2016-09-05 22:00:00;0.5517241379310345;28.8;25.46;1.06;42.1
2016-09-05 22:30:00;0.5862068965517241;28.280000000000005;26.27;1.9199999999999973;342.1999999999989
2016-09-05 23:00:00;0.6206896551724138;28.27;26.05;1.97;338.0
2016-09-05 23:30:00;0.6551724137931034;27.96;26.47;0.58;69.66
2016-09-06 00:00:00;0.6896551724137931;26.88565887157627;30.990457735806103;0.05811969975110647;58.11328688004228
2016-09-06 00:30:00;0.7241379310344828;26.52;32.64;0.98;265.1
2016-09-06 01:00:00;0.7586206896551724;27.67;27.28;2.34;348.1
2016-09-06 01:30:00;0.7931034482758621;27.94;26.659999999999997;1.7900000000000011;3.460000000000107
2016-09-06 02:00:00;0.8275862068965517;28.36;24.74;2.63;342.3
2016-09-06 02:30:00;0.8620689655172413;27.86;25.13;0.62;66.34
2016-09-06 03:00:00;0.896551724137931;25.73;29.07;0.62;39.13
2016-09-06 03:30:00;0.9310344827586207;25.6;29.11;1.41;331.8
2016-09-06 04:00:00;0.9655172413793103;26.35;26.64;1.04;339.4
2016-09-06 04:30:00;1.0;26.02;33.01;0.31;99.6
2016-09-06 05:00:00;1.0344827586206897;24.74;42.41;0.6;65.99
2016-09-06 05:30:00;1.0689655172413792;24.02;50.69;0.6;20.89
2016-09-06 06:00:00;1.103448275862069;15.35;34.79;0.38;80.5
2016-09-06 06:30:00;1.1379310344827587;23.45;57.76;0.3;341.5
2016-09-06 07:00:00;1.1724137931034482;23.700000000000003;59.68000000000005;0.24000000000000105;100.4000000000016
2016-09-06 07:30:00;1.206896551724138;24.379999999999995;57.45999999999998;0.01000000000000116;60.13999999999922
2016-09-06 08:00:00;1.2413793103448276;24.85;62.3;0.04;207.5
2016-09-06 08:30:00;1.2758620689655171;25.77;61.58;0.4;208.5
2016-09-06 09:00:00;1.3103448275862069;26.78;57.36;0.8;244.5
2016-09-06 09:30:00;1.3448275862068966;27.9;56.75;1.76;224.2
2016-09-06 10:00:00;1.3793103448275863;28.900000000000006;57.259999999999984;0.9099999999999974;254.10000000000008
2016-09-06 10:30:00;1.4137931034482758;30.13;52.52;1.7;234.1
2016-09-06 11:00:00;1.4482758620689655;31.28;48.49;3.29;226.5
2016-09-06 11:30:00;1.4827586206896552;30.749999999999996;46.84999999999999;4.320000000000004;236.40000000000003
2016-09-06 12:00:00;1.5172413793103448;30.82;42.1;4.43;234.0
2016-09-06 12:30:00;1.5517241379310345;31.42;34.14;4.28;234.4
2016-09-06 13:00:00;1.5862068965517242;31.560000000000002;32.37999999999999;3.409999999999997;227.1999999999999
2016-09-06 13:30:00;1.6206896551724137;32.22;30.23;3.47;221.1
2016-09-06 14:00:00;1.6551724137931034;32.41;32.55;3.38;235.3
2016-09-06 14:30:00;1.6896551724137931;32.83;32.29;2.89;220.0
2016-09-06 15:00:00;1.7241379310344827;32.59;31.74;3.3;235.1
2016-09-06 15:30:00;1.7586206896551724;32.37;31.91;2.94;228.6
2016-09-06 16:00:00;1.793103448275862;32.18;31.81;2.31;240.0
2016-09-06 16:30:00;1.8275862068965516;32.12;31.87;3.17;230.5
2016-09-06 17:00:00;1.8620689655172413;31.23;34.16;2.74;232.7
2016-09-06 17:30:00;1.896551724137931;30.3;36.98;1.98;227.0
2016-09-06 18:00:00;1.9310344827586206;28.92;41.68;1.92;217.9
2016-09-06 18:30:00;1.9655172413793103;27.41;47.06;1.1;235.05
2016-09-06 19:00:00;2.0;25.9;52.43999999999999;0.2699999999999999;252.2
