Fecha;X;Temperatura;Humedad;Velocidad;Direccion
2016-07-25 15:00:00;0.0;28.81;44.63;10.99;152.0
2016-07-25 15:30:00;0.03333333333333333;27.61;49.51;10.36;141.8
2016-07-25 16:00:00;0.06666666666666667;27.3;53.8;7.739999999999999;145.4
2016-07-25 16:30:00;0.1;27.42;52.78;7.28;140.3
2016-07-25 17:00:00;0.13333333333333333;27.51;50.66;6.539999999999999;139.3
2016-07-25 17:30:00;0.16666666666666666;26.96;51.94;5.44;138.5
2016-07-25 18:00:00;0.2;26.49;54.26;4.08;114.8
2016-07-25 18:30:00;0.23333333333333334;25.91;56.94;2.34;113.7
2016-07-25 19:00:00;0.26666666666666666;25.26;60.330000000000005;1.4699999999999984;91.79999999999994
2016-07-25 19:30:00;0.3;24.590000000000003;65.04;0.390000000000001;73.59999999999994
2016-07-25 20:00:00;0.3333333333333333;23.79;67.58;0.4;146.8
2016-07-25 20:30:00;0.36666666666666664;22.99;70.4;0.68;199.5
2016-07-25 21:00:00;0.4;22.7;70.7;1.09;314.1
2016-07-25 21:30:00;0.43333333333333335;22.66;69.67;1.5500000000000016;316.0
2016-07-25 22:00:00;0.4666666666666667;22.19;71.2;2.44;321.9
2016-07-25 22:30:00;0.5;22.46;68.13;1.9;286.2
2016-07-25 23:00:00;0.5333333333333333;22.57;65.13999999999999;3.2800000000000047;298.6000000000001
2016-07-25 23:30:00;0.5666666666666667;23.37;57.61000000000003;4.019999999999998;305.39999999999986
2016-07-26 00:00:00;0.6;23.34641456914077;54.87725827644648;3.9298899003173213;361.4240634786719
2016-07-26 00:30:00;0.6333333333333333;22.66;56.72;2.78;316.8
2016-07-26 01:00:00;0.6666666666666666;21.86;60.25;1.17;74.7
2016-07-26 01:30:00;0.7;20.99;64.78;2.33;20.1
2016-07-26 02:00:00;0.7333333333333333;21.15;65.17;2.96;339.5
2016-07-26 02:30:00;0.7666666666666666;20.55;67.25;1.25;306.5
2016-07-26 03:00:00;0.8;19.61;70.0;2.0;302.3
2016-07-26 03:30:00;0.8333333333333334;19.37;71.3;1.4799999999999989;300.2
2016-07-26 04:00:00;0.8666666666666667;19.21;73.40000000000002;2.100000000000004;302.40000000000003
2016-07-26 04:30:00;0.9;19.12;76.0;2.98;314.0
2016-07-26 05:00:00;0.9333333333333333;19.34;74.3;2.39;311.7
2016-07-26 05:30:00;0.9666666666666667;19.41;71.89999999999999;3.1400000000000037;317.6
2016-07-26 06:00:00;1.0;20.37;67.78;3.52;313.4
2016-07-26 06:30:00;1.0333333333333332;21.62;65.08;2.79;313.1
2016-07-26 07:00:00;1.0666666666666667;23.530000000000012;60.18;4.310000000000014;335.2000000000006
2016-07-26 07:30:00;1.1;24.77;64.28;5.61;356.2
2016-07-26 08:00:00;1.1333333333333333;25.839999999999993;64.95000000000002;4.330000000000008;22.910000000000196
2016-07-26 08:30:00;1.1666666666666667;26.48;62.84;3.85;348.0
2016-07-26 09:00:00;1.2;27.319999999999997;59.93000000000002;3.5100000000000047;333.10000000000167
2016-07-26 09:30:00;1.2333333333333334;28.25;57.81;3.01;74.9
2016-07-26 10:00:00;1.2666666666666666;28.88;56.92;4.94;120.2
2016-07-26 10:30:00;1.3;29.320000000000004;55.849999999999994;6.530000000000005;84.69999999999973
2016-07-26 11:00:00;1.3333333333333333;29.48;54.89;6.4;89.9
2016-07-26 11:30:00;1.3666666666666667;29.77;55.58;6.2;109.4
2016-07-26 12:00:00;1.4;29.92;56.14;7.5;103.0
2016-07-26 12:30:00;1.4333333333333333;29.77;56.739999999999995;8.840000000000002;111.9
2016-07-26 13:00:00;1.4666666666666666;29.97;54.91;8.49;104.4
2016-07-26 13:30:00;1.5;29.409999999999997;57.85000000000003;8.869999999999997;115.10000000000004
2016-07-26 14:00:00;1.5333333333333332;29.39;61.49;7.77;111.3
2016-07-26 14:30:00;1.5666666666666667;29.3;63.24999999999999;7.940000000000003;111.70000000000007
2016-07-26 15:00:00;1.6;29.48;61.69;8.15;124.9
2016-07-26 15:30:00;1.6333333333333333;29.1;60.42;8.32;125.2
2016-07-26 16:00:00;1.6666666666666667;29.05;49.759999999999934;8.41;128.10000000000008
2016-07-26 16:30:00;1.7;29.14;45.16;8.04;142.5
2016-07-26 17:00:00;1.7333333333333334;28.849999999999998;47.23000000000001;6.799999999999996;143.39999999999998
2016-07-26 17:30:00;1.7666666666666666;28.39;48.42;6.95;142.8
2016-07-26 18:00:00;1.8;27.699999999999996;50.920000000000016;5.779999999999985;147.5
2016-07-26 18:30:00;1.8333333333333333;27.149999999999995;53.11000000000002;3.4899999999999904;140.09999999999994
2016-07-26 19:00:00;1.8666666666666667;26.57;57.4;2.64;134.1
2016-07-26 19:30:00;1.9;25.46;63.34;0.57;110.4
2016-07-26 20:00:00;1.9333333333333333;24.569999999999993;66.93000000000002;0.0500000000000021;100.10000000000095
2016-07-26 20:30:00;1.9666666666666666;23.700000000000003;69.92999999999998;0.539999999999998;325.0999999999991
2016-07-26 21:00:00;2.0;22.95;73.2;0.54;308.2
2016-07-26 21:30:00;2.033333333333333;22.32;74.6;0.98;316.1
2016-07-26 22:00:00;2.0666666666666664;22.75;72.1;2.33;311.8
2016-07-26 22:30:00;2.1;22.14999999999999;74.10000000000001;1.0600000000000087;306.3
2016-07-26 23:00:00;2.1333333333333333;22.06;73.49999999999999;3.5000000000000187;306.90000000000003
2016-07-26 23:30:00;2.1666666666666665;21.830000000000002;73.1;2.660000000000019;311.30000000000007
2016-07-27 00:00:00;2.2;21.414631614626142;73.54013282295888;2.164320806498676;304.6931234313147
2016-07-27 00:30:00;2.2333333333333334;21.28;73.3;2.64;304.2
2016-07-27 01:00:00;2.2666666666666666;21.420000000000005;72.39999999999999;2.8300000000000054;315.8000000000001
2016-07-27 01:30:00;2.3;20.730000000000008;74.69999999999997;2.509999999999992;299.9000000000001
2016-07-27 02:00:00;2.3333333333333335;20.57;75.3;3.78;309.9
2016-07-27 02:30:00;2.3666666666666667;20.66;73.10000000000001;3.88;311.9000000000001
2016-07-27 03:00:00;2.4;20.44000000000001;74.39999999999996;4.219999999999992;306.1
2016-07-27 03:30:00;2.433333333333333;20.120000000000008;76.39999999999999;4.839999999999993;310.0
2016-07-27 04:00:00;2.466666666666667;20.08;76.9;4.91;307.2
2016-07-27 04:30:00;2.5;20.17;76.1;4.56;319.5
2016-07-27 05:00:00;2.533333333333333;20.01;74.4;4.61;321.8
2016-07-27 05:30:00;2.5666666666666664;20.24;74.4;3.3;339.4
2016-07-27 06:00:00;2.6;20.84000000000001;71.29999999999994;4.45000000000001;302.7999999999998
2016-07-27 06:30:00;2.6333333333333333;22.02;67.47;4.33;308.5
2016-07-27 07:00:00;2.6666666666666665;23.42;62.59;4.86;310.0
2016-07-27 07:30:00;2.7;25.130000000000017;58.50000000000002;3.2499999999999813;317.99999999999744
2016-07-27 08:00:00;2.7333333333333334;25.97;63.76;2.88;31.05
2016-07-27 08:30:00;2.7666666666666666;26.66;62.75;3.48;123.6
2016-07-27 09:00:00;2.8;26.96;62.25;4.19;147.2
2016-07-27 09:30:00;2.8333333333333335;26.36000000000001;65.61999999999999;2.8300000000000067;90.50000000000003
2016-07-27 10:00:00;2.8666666666666667;27.810000000000002;62.03000000000002;4.920000000000015;137.80000000000032
2016-07-27 10:30:00;2.9;27.009999999999998;67.93000000000005;4.810000000000013;115.2999999999997
2016-07-27 11:00:00;2.933333333333333;27.86;65.52;7.18;125.1
2016-07-27 11:30:00;2.966666666666667;27.209999999999987;67.24000000000004;7.0299999999999905;151.20000000000022
2016-07-27 12:00:00;3.0;27.100000000000023;68.16999999999996;8.080000000000053;146.99999999999955
