Fecha;X;Temperatura;Humedad;Velocidad;Direccion
2017-06-28 19:00:00;0.0;27.8;27.82;5.86;285.2
2017-06-28 19:30:00;0.020833333333333332;27.09220117614626;29.579960212956827;4.29002852115636;265.62214877415727
2017-06-28 20:00:00;0.041666666666666664;26.686601017708767;30.288154802222184;5.2030089673603905;268.74085108887135
2017-06-28 20:30:00;0.0625;26.51794621161016;30.404403907337585;6.430288027725283;275.77668695738316
2017-06-28 21:00:00;0.08333333333333333;26.500445484639073;30.375968983358856;6.145460876928227;273.0106298973202
2017-06-28 21:30:00;0.10416666666666666;26.42692704258273;30.578789873806052;4.5556696031597586;276.5098831764536
2017-06-28 22:00:00;0.125;26.088829083565948;31.604706064949415;2.7010612036645987;293.6444191501115
2017-06-28 22:30:00;0.14583333333333331;25.364361701633687;34.29429201083771;1.6285640473797556;300.9606723265783
2017-06-28 23:00:00;0.16666666666666666;24.26574913136768;38.09377745197336;1.1548609510139922;292.0931880680561
2017-06-28 23:30:00;0.1875;22.97135433841963;41.92253453679697;0.8459368556118387;275.57851755860094
2017-06-29 00:00:00;0.20833333333333331;21.875705469236216;45.2546081354284;1.1761728958478694;268.8172372725239
2017-06-29 00:30:00;0.22916666666666666;21.09064514700888;47.64862240389654;1.754886714171701;272.6137322449887
2017-06-29 01:00:00;0.25;20.51167431679292;48.756233271959424;1.815331776524798;276.86515534029417
2017-06-29 01:30:00;0.2708333333333333;20.103269029449446;48.589081015644055;1.8972862632444392;280.5385825171916
2017-06-29 02:00:00;0.29166666666666663;19.72937285593847;48.21385678452589;2.2652397073577393;283.7667840778228
2017-06-29 02:30:00;0.3125;19.194290332710523;49.25202379782517;2.5996675127008837;285.7752838938818
2017-06-29 03:00:00;0.3333333333333333;18.635268407548846;50.84245252084775;2.6571002226443907;286.0055312422374
2017-06-29 03:30:00;0.35416666666666663;18.29934023237215;51.30366095191586;2.228107390118444;283.9838200063935
2017-06-29 04:00:00;0.375;18.386532390818807;49.28054369193378;1.2267626686829034;280.4973014126238
2017-06-29 04:30:00;0.3958333333333333;18.729128714984487;45.97162008041259;0.5277611011521219;286.0934501961737
2017-06-29 05:00:00;0.41666666666666663;19.01757515631017;43.57330785499265;0.6424831262569237;299.4173901138136
2017-06-29 05:30:00;0.4375;19.011498669169296;43.71139448280902;0.48889310573073597;288.23140321699987
2017-06-29 06:00:00;0.4583333333333333;18.524719561744654;46.19451171660526;0.49682532370516047;267.81070844308937
2017-06-29 06:30:00;0.47916666666666663;17.580869942995733;49.48969531567766;1.5888025038330682;271.24270091318454
2017-06-29 07:00:00;0.5;16.749471807425284;51.58331359441649;2.6827039180601058;280.4860785894343
2017-06-29 07:30:00;0.5208333333333333;16.539556113021813;51.11843964909308;3.2060258826185026;286.66167275737814
2017-06-29 08:00:00;0.5416666666666666;17.067353206773397;48.18753963947631;3.271714442307411;292.4439010015644
2017-06-29 08:30:00;0.5625;17.38473280022502;46.24534672358028;2.2712599145438337;271.6563865284976
2017-06-29 09:00:00;0.5833333333333333;16.780072211540933;48.332316377021804;0.6085639196434017;226.03736074553487
2017-06-29 09:30:00;0.6041666666666666;15.372437805809245;54.85182663528134;0.07713479507886938;201.68298174192958
2017-06-29 10:00:00;0.625;14.08049558463474;60.591088113161994;0.858896947098199;218.80687176169124
2017-06-29 10:30:00;0.6458333333333333;13.676610900274069;61.4994927649774;2.0793917548949397;264.3126034333049
2017-06-29 11:00:00;0.6666666666666666;14.090808163420736;59.74779363909672;2.423593470173964;289.90659683254825
2017-06-29 11:30:00;0.6875;15.411641671381492;55.124041267874496;2.614688487034056;293.5001781694143
2017-06-29 12:00:00;0.7083333333333333;17.439415362916307;47.69025251845655;3.5718210032019195;297.5950834904475
2017-06-29 12:30:00;0.7291666666666666;18.852911718840307;42.94530086736185;3.4991358579366456;309.0417909163293
2017-06-29 13:00:00;0.75;19.42;41.67;2.9;319.7
2017-06-29 13:30:00;0.7708333333333333;19.852549886204454;40.599854971047286;3.7200928164839397;323.1724026858262
2017-06-29 14:00:00;0.7916666666666666;20.3159227247028;39.340047938615406;4.398729735512476;357.6717042551962
2017-06-29 14:30:00;0.8125;20.775497537173717;38.076118845948955;4.096842661672635;349.2666807336206
2017-06-29 15:00:00;0.8333333333333333;21.16505464757598;36.758854594763804;3.8198078920446688;145.3220529694799
2017-06-29 15:30:00;0.8541666666666666;21.613483323456585;35.17955576468145;4.157176093555975;-10.211828669343433
2017-06-29 16:00:00;0.875;22.131073951144426;33.61347415875401;4.88724214590231;47.34280717635532
2017-06-29 16:30:00;0.8958333333333333;22.467052224362746;33.033679175000564;4.931847028986473;116.67267200608377
2017-06-29 17:00:00;0.9166666666666666;22.895031172235626;32.62392890125147;4.761999416091517;122.71165265338395
2017-06-29 17:30:00;0.9375;23.642180270350305;31.417025328981104;4.992601622974962;91.73076670535428
2017-06-29 18:00:00;0.9583333333333333;24.168522949445506;30.38203040407999;4.621295409036083;80.60705234110007
2017-06-29 18:30:00;0.9791666666666666;24.541233611367208;29.556615454073896;4.294639462746045;63.55432558502849
2017-06-29 19:00:00;1.0;25.131309213821986;28.35357557728329;5.162952844623263;14.024788231716506
2017-06-29 19:30:00;1.0208333333333333;25.498462600123823;27.184127139270867;5.233673682681303;122.28770381531912
2017-06-29 20:00:00;1.0416666666666665;25.81245176337736;25.815832352779;4.158623655254931;341.52333261144787
2017-06-29 20:30:00;1.0625;26.67871945720963;23.668048606307455;3.7324643544807548;390.0650292261635
2017-06-29 21:00:00;1.0833333333333333;26.653356561793334;23.068994364302664;4.009778613135067;331.17617464842107
2017-06-29 21:30:00;1.1041666666666665;25.477731550618284;24.53312842366188;4.176162848500555;276.1890138897904
2017-06-29 22:00:00;1.125;25.303706636475145;24.92119881800633;3.3148186643215074;238.37750051440568
2017-06-29 22:30:00;1.1458333333333333;25.523986844774765;24.67170095350116;2.796473755303914;257.33414648954596
2017-06-29 23:00:00;1.1666666666666665;25.22749625636858;24.756111046967156;3.91235735491402;323.3802844392212
2017-06-29 23:30:00;1.1875;25.686770834567604;23.576292161733466;5.4782654931822305;302.4069099790172
2017-06-30 00:00:00;1.2083333333333333;26.56213236148181;21.76696892487186;6.164170044456794;229.51422123788456
2017-06-30 00:30:00;1.2291666666666665;26.747858518679053;21.0422109532026;5.261813146721545;224.60540431826567
2017-06-30 01:00:00;1.25;26.699689050864738;21.081148708042605;3.6443870757049948;282.6289871077309
2017-06-30 01:30:00;1.2708333333333333;26.9750188088481;20.4090749212134;2.8653991935913394;338.7185734462889
2017-06-30 02:00:00;1.2916666666666665;27.779657112111504;17.653661408464387;4.2109574756526404;323.0334209688155
2017-06-30 02:30:00;1.3125;28.5989049585698;15.117633327142919;6.146784246476132;294.0362248103281
2017-06-30 03:00:00;1.3333333333333333;28.9567693703652;14.10989327299446;7.180748166294574;294.9968796538766
2017-06-30 03:30:00;1.3541666666666665;28.76241102299913;13.422290512161856;7.149697967991446;301.7842906811294
2017-06-30 04:00:00;1.375;28.364912466050335;13.177982372275718;7.26654720063752;301.3775119739752
2017-06-30 04:30:00;1.3958333333333333;28.092373304792947;13.51404344899878;8.109017335023317;294.12841844163944
2017-06-30 05:00:00;1.4166666666666665;27.898783037699822;13.511232923294395;8.240452000774571;291.73654450474424
2017-06-30 05:30:00;1.4375;27.635235488952166;13.31300109780866;8.159590366123172;292.38216858617085
2017-06-30 06:00:00;1.4583333333333333;27.23489915644603;13.70322740694448;8.724973490479812;287.4287092036528
2017-06-30 06:30:00;1.4791666666666665;26.939796678937622;15.12213315608235;8.361109323257718;275.5642132780919
2017-06-30 07:00:00;1.5;26.79;15.24;7.03;286.4
2017-06-30 07:30:00;1.5208333333333333;26.53513085726706;12.991472211999962;5.974837120020919;327.75473979846464
2017-06-30 08:00:00;1.5416666666666665;25.646410955707417;20.990440716781276;4.986279310860926;227.95338276074278
2017-06-30 08:30:00;1.5625;24.30981266463742;38.1805653860192;3.9544703092800204;22.61359890888923
2017-06-30 09:00:00;1.5833333333333333;23.436505399170628;46.75525043157415;3.2360160772178213;-15.421024257740818
2017-06-30 09:30:00;1.6041666666666665;22.74931904643511;49.60493147808096;2.6189734787837877;23.73395315215611
2017-06-30 10:00:00;1.625;21.901987401786805;53.25652009667458;1.9531651961795764;41.53330397637739
2017-06-30 10:30:00;1.6458333333333333;21.16016149428931;56.87153275721337;1.5300934854777237;139.6531356276338
2017-06-30 11:00:00;1.6666666666666665;20.488906969565114;59.32552891489295;1.3766906183960819;252.53855545559307
2017-06-30 11:30:00;1.6875;19.8688081823172;60.412352606051826;1.3416194703398345;282.95821022808576
2017-06-30 12:00:00;1.7083333333333333;19.729707837055887;61.497252915066525;1.2775555571890773;292.3868542871186
2017-06-30 12:30:00;1.7291666666666665;19.86132592248079;62.734392962291324;1.5927333088092348;301.07999416798697
2017-06-30 13:00:00;1.75;19.71088281234136;63.434131533650365;2.5711528594158173;291.5377823766457
2017-06-30 13:30:00;1.7708333333333333;19.39610136964562;63.75435529788325;2.6613276856914103;284.3191748889879
2017-06-30 14:00:00;1.7916666666666665;19.201342572467315;63.761685582656014;1.7141854768657068;287.65920820209675
2017-06-30 14:30:00;1.8125;19.3158411012895;63.16635172069061;1.1846687858590936;290.23085639111235
2017-06-30 15:00:00;1.8333333333333333;19.35005183776837;61.379444376337574;0.9349607486017619;294.0330836486744
2017-06-30 15:30:00;1.8541666666666665;19.118070998618588;57.562708591214346;0.609066095028254;300.40328865758846
2017-06-30 16:00:00;1.875;18.98260879226183;50.908356027480075;0.3482179562677107;303.42989608287536
2017-06-30 16:30:00;1.8958333333333333;19.05358364790202;42.67108418722367;0.37906222324032374;302.323681585909
2017-06-30 17:00:00;1.9166666666666665;19.299435320619402;35.08506193909906;0.949559007890661;299.0122203846298
2017-06-30 17:30:00;1.9375;19.669742732737618;30.229722814938253;2.2487453797347183;295.4030582697614
2017-06-30 18:00:00;1.9583333333333333;19.893059216384163;28.217792335190488;3.7419615078625648;292.96401856548107
2017-06-30 18:30:00;1.9791666666666665;19.689611083112652;27.955754636009175;4.654822403558548;292.6033057879943
2017-06-30 19:00:00;2.0;19.208414988719575;28.712105941256628;4.962797516297787;294.35730970942643
2017-06-30 19:30:00;2.020833333333333;18.67133766229914;30.626784183990665;4.795896114535778;297.0909934618913
2017-06-30 20:00:00;2.0416666666666665;18.266483357491698;34.03573258703613;4.3950245242489405;299.06601993242083
2017-06-30 20:30:00;2.0625;18.069612848518705;36.779466044530935;4.449313266926397;300.1116111137972
2017-06-30 21:00:00;2.083333333333333;18.03256434254683;37.86303758636731;4.948325209680019;300.0027228122181
2017-06-30 21:30:00;2.1041666666666665;17.994993909455157;38.638163385172895;4.929975640145612;298.412713220456
2017-06-30 22:00:00;2.125;17.86322423769802;39.44608516062569;4.41177245251731;298.8980585261641
2017-06-30 22:30:00;2.145833333333333;17.60768555553071;40.24990623099283;3.7828509425178845;303.06014666360306
2017-06-30 23:00:00;2.1666666666666665;17.26834515224206;41.205340726008586;3.291260785847802;306.01944801368217
2017-06-30 23:30:00;2.1875;16.96925192199752;42.24198988772674;3.0291678982329886;305.4013632631687
2017-07-01 00:00:00;2.208333333333333;16.86520763889912;43.04946926440647;3.042165714904122;301.2970919873609
2017-07-01 00:30:00;2.2291666666666665;17.04964923543538;43.136615540266284;3.442600753511459;295.2889800889606
2017-07-01 01:00:00;2.25;17.259999999999998;43.13999999999999;3.7500000000000018;290.00000000000006
2017-07-01 01:30:00;2.270833333333333;17.195152981816925;43.9129532314008;3.510596021887397;287.5181237565599
2017-07-01 02:00:00;2.2916666666666665;17.536601144742786;43.36037259602895;4.333046962091278;285.3262265563953
2017-07-01 02:30:00;2.3125;18.219792169820447;41.753173626793306;5.593940230181889;286.67110741175804
2017-07-01 03:00:00;2.333333333333333;18.294643701996225;42.050885052697694;4.388018039332308;298.8665342400815
2017-07-01 03:30:00;2.3541666666666665;18.526304368851807;41.362224168743914;3.5526575053303757;304.99850534967703
2017-07-01 04:00:00;2.375;19.48874668659721;37.864101107693344;4.815977245423559;297.96319994983276
2017-07-01 04:30:00;2.395833333333333;20.416597075856224;34.91216777185885;4.81773301861246;298.7412894473433
2017-07-01 05:00:00;2.4166666666666665;21.184053961245738;33.03823744494934;3.7186782770173106;297.9269615878414
2017-07-01 05:30:00;2.4375;21.953814992015836;31.33695799221257;3.1627753885099907;296.97098857100116
2017-07-01 06:00:00;2.458333333333333;22.606979304884664;29.720717119878955;3.193328572582145;352.6092185741418
2017-07-01 06:30:00;2.4791666666666665;23.131479817674098;28.3927034259276;3.3176694085293237;339.1429713049852
2017-07-01 07:00:00;2.5;23.639827391759383;27.431689135433842;3.170669322821016;122.79773257352713
2017-07-01 07:30:00;2.520833333333333;24.275582393185946;26.06583359523865;3.5691889149773006;33.49232884132573
2017-07-01 08:00:00;2.5416666666666665;24.883946636584415;24.149491585151036;4.193546183649083;170.22855862318812
2017-07-01 08:30:00;2.5625;25.05812694317515;22.412403288077442;3.7020457816309826;293.6482784090382
2017-07-01 09:00:00;2.583333333333333;24.762230246532486;21.64878977220221;3.1098410929371783;242.09615479515205
2017-07-01 09:30:00;2.6041666666666665;24.427181587655795;21.941129210390322;3.5953701273725667;68.05751993665336
2017-07-01 10:00:00;2.625;24.807686781759415;22.49825949416015;5.279015648535272;51.549050834609076
2017-07-01 10:30:00;2.645833333333333;25.22859550357455;24.036931027373384;7.242698447034727;122.90176355087094
2017-07-01 11:00:00;2.6666666666666665;25.048316873066625;26.626578599599505;8.441552170949155;134.27065597309027
2017-07-01 11:30:00;2.6875;25.087940600713917;27.677713630746617;8.62636451977559;137.36127122086367
2017-07-01 12:00:00;2.708333333333333;25.379669322126848;28.099239485679256;8.907205320160637;137.03868618484327
2017-07-01 12:30:00;2.7291666666666665;25.420378808549454;30.00703577469093;10.148852213985204;111.67567604088762
2017-07-01 13:00:00;2.75;25.10359110510706;31.380744125386865;9.998917288016713;106.08786513493858
2017-07-01 13:30:00;2.770833333333333;24.783037389644626;31.923283682626174;8.692934009229825;125.37983444333331
2017-07-01 14:00:00;2.7916666666666665;24.93970395831025;33.30179291847933;8.720070332203825;133.76513852420155
2017-07-01 14:30:00;2.8125;25.000587164178423;35.24957158964186;9.041719475083097;135.76672701739813
2017-07-01 15:00:00;2.833333333333333;24.50632752081541;37.27306264680687;8.921307372842914;136.5877516056994
2017-07-01 15:30:00;2.8541666666666665;23.600353723167945;39.38632845308482;9.200232795142142;128.3020634611634
2017-07-01 16:00:00;2.875;22.75815073270195;41.89420101187851;9.376981676877737;116.00842231567951
2017-07-01 16:30:00;2.895833333333333;22.254329138039473;44.996550190554714;8.88082873964241;108.75653374015305
2017-07-01 17:00:00;2.9166666666666665;21.79263068075113;48.439813703470286;8.123587123052664;111.1235097987231
2017-07-01 17:30:00;2.9375;21.4286699202831;51.38554766228804;7.206070360805306;118.10769596741281
2017-07-01 18:00:00;2.958333333333333;21.34450485481665;53.078432682195306;6.109542850194108;122.37839211653272
2017-07-01 18:30:00;2.9791666666666665;21.387957247294054;53.863067340853924;5.176298820240645;125.10484157082756
2017-07-01 19:00:00;3.0;21.35;54.27;4.81;128.9
