FECHA;HORA;Veloc.;Direc.;Temp.;H.Rel.
2016-07-25;0;6.48;301.0;26.3;51.0
2016-07-25;1;7.2;300.0;26.6;49.0
2016-07-25;2;3.6;277.0;25.8;52.0
2016-07-25;3;0.7200000000000001;9.0;24.0;60.0
2016-07-25;4;2.8800000000000003;235.0;22.6;63.0
2016-07-25;5;2.16;214.0;22.4;61.0
2016-07-25;6;4.32;263.0;23.0;59.0
2016-07-25;7;7.5600000000000005;324.0;25.4;54.0
2016-07-25;8;4.680000000000001;6.0;28.0;44.0
2016-07-25;9;3.24;59.0;29.6;41.0
2016-07-25;10;4.32;122.0;31.2;38.0
2016-07-25;11;8.64;130.0;32.1;39.0
2016-07-25;12;10.8;123.0;32.0;44.0
2016-07-25;13;12.24;123.0;31.7;50.0
2016-07-25;14;14.76;126.0;31.8;42.0
2016-07-25;15;15.840000000000002;130.0;30.7;41.0
2016-07-25;16;13.32;117.0;29.0;50.0
2016-07-25;17;11.879999999999999;110.0;29.0;49.0
2016-07-25;18;8.28;111.0;28.5;51.0
2016-07-25;19;5.04;110.0;27.7;56.0
2016-07-25;20;1.8;175.0;26.7;62.0
2016-07-25;21;4.680000000000001;268.0;25.8;64.0
2016-07-25;22;3.9600000000000004;257.0;25.8;62.0
2016-07-25;23;4.680000000000001;295.0;25.6;58.0
2016-07-26;0;3.6;281.0;25.4;52.0
2016-07-26;1;2.8800000000000003;241.0;24.1;52.0
2016-07-26;2;1.4400000000000002;243.0;23.7;51.0
2016-07-26;3;3.6;251.0;22.2;58.0
2016-07-26;4;4.32;245.0;21.7;60.0
2016-07-26;5;2.52;217.0;22.1;59.0
2016-07-26;6;3.9600000000000004;254.0;23.3;56.0
2016-07-26;7;6.48;321.0;25.6;48.0
2016-07-26;8;7.2;24.0;27.3;60.0
2016-07-26;9;3.6;86.0;29.2;55.0
2016-07-26;10;4.32;123.0;30.7;51.0
2016-07-26;11;6.84;138.0;31.9;51.0
2016-07-26;12;8.28;126.0;31.9;50.0
2016-07-26;13;9.360000000000001;136.0;32.0;53.0
2016-07-26;14;9.72;131.0;31.4;56.0
2016-07-26;15;9.360000000000001;125.0;31.2;62.0
2016-07-26;16;12.24;128.0;30.7;55.0
2016-07-26;17;9.72;127.0;30.7;44.0
2016-07-26;18;8.28;124.0;29.5;51.0
2016-07-26;19;5.04;120.0;28.5;54.0
2016-07-26;20;1.8;139.0;27.2;62.0
2016-07-26;21;1.8;246.0;25.8;69.0
2016-07-26;22;6.12;278.0;25.6;66.0
2016-07-26;23;5.04;251.0;24.8;69.0
2016-07-27;0;3.6;278.0;24.6;67.0
2016-07-27;1;3.6;239.0;23.6;68.0
2016-07-27;2;3.6;257.0;23.6;65.0
2016-07-27;3;3.9600000000000004;241.0;23.0;64.0
2016-07-27;4;3.6;231.0;22.6;65.0
2016-07-27;5;6.12;241.0;22.3;68.0
2016-07-27;6;1.8;262.0;23.1;67.0
2016-07-27;7;2.8800000000000003;257.0;25.2;60.0
2016-07-27;8;2.16;22.0;27.6;58.0
2016-07-27;9;3.24;27.0;28.7;58.0
2016-07-27;10;3.6;157.0;29.4;57.0
2016-07-27;11;6.84;126.0;28.9;67.0
2016-07-27;12;6.84;151.0;29.0;68.0
2016-07-27;13;9.72;126.0;30.1;59.0
2016-07-27;14;10.44;125.0;30.9;50.0
2016-07-27;15;9.360000000000001;130.0;31.6;43.0
2016-07-27;16;8.64;129.0;30.4;41.0
2016-07-27;17;5.04;132.0;29.7;42.0
2016-07-27;18;2.52;143.0;28.7;52.0
2016-07-27;19;4.680000000000001;126.0;28.0;64.0
2016-07-27;20;1.8;126.0;27.2;60.0
2016-07-27;21;3.9600000000000004;260.0;25.6;68.0
2016-07-27;22;3.6;269.0;25.5;67.0
2016-07-27;23;3.9600000000000004;246.0;24.7;64.0
