FECHA;HORA;Veloc.;Direc.;Temp.;H.Rel.
2016-06-16;0;1.08;247.0;;41.0
2016-06-16;1;0.36000000000000004;234.0;;46.0
2016-06-16;2;0.7200000000000001;259.0;;49.0
2016-06-16;3;0.36000000000000004;237.0;;54.0
2016-06-16;4;0.7200000000000001;232.0;;53.0
2016-06-16;5;1.8;248.0;;52.0
2016-06-16;6;2.8800000000000003;255.0;;51.0
2016-06-16;7;3.24;257.0;;52.0
2016-06-16;8;3.9600000000000004;257.0;;50.0
2016-06-16;9;3.6;243.0;;43.0
2016-06-16;10;4.680000000000001;245.0;;36.0
2016-06-16;11;4.680000000000001;249.0;;34.0
2016-06-16;12;4.680000000000001;249.0;;32.0
2016-06-16;13;3.24;241.0;;32.0
2016-06-16;14;3.6;247.0;;31.0
2016-06-16;15;6.48;253.0;;30.0
2016-06-16;16;4.32;252.0;;28.0
2016-06-16;17;3.9600000000000004;252.0;;27.0
2016-06-16;18;4.680000000000001;253.0;;29.0
2016-06-16;19;6.84;260.0;;30.0
2016-06-16;20;0.7200000000000001;255.0;;34.0
2016-06-16;21;0.7200000000000001;251.0;;39.0
2016-06-16;22;0.36000000000000004;210.0;;45.0
2016-06-16;23;0.36000000000000004;169.0;;50.0
2016-06-17;0;0.7200000000000001;250.0;;56.0
2016-06-17;1;0.36000000000000004;238.0;;57.0
2016-06-17;2;1.4400000000000002;231.0;;53.0
2016-06-17;3;1.08;232.0;;56.0
2016-06-17;4;3.24;236.0;;57.0
2016-06-17;5;2.52;231.0;;58.0
2016-06-17;6;2.16;228.0;;58.0
2016-06-17;7;1.4400000000000002;233.0;;53.0
2016-06-17;8;1.4400000000000002;233.0;23.1;46.0
2016-06-17;9;2.16;246.0;25.0;41.0
2016-06-17;10;1.08;191.0;26.6;37.0
2016-06-17;11;1.08;218.0;27.8;34.0
2016-06-17;12;1.4400000000000002;198.0;28.7;32.0
2016-06-17;13;1.8;210.0;29.9;30.0
2016-06-17;14;3.9600000000000004;124.0;28.4;36.0
2016-06-17;15;3.9600000000000004;110.0;28.5;36.0
2016-06-17;16;2.8800000000000003;106.0;28.5;38.0
2016-06-17;17;2.16;103.0;29.1;38.0
2016-06-17;18;2.16;123.0;28.8;37.0
2016-06-17;19;0.7200000000000001;104.0;27.7;38.0
2016-06-17;20;1.08;152.0;26.7;40.0
2016-06-17;21;2.8800000000000003;256.0;24.2;54.0
2016-06-17;22;3.24;321.0;21.5;73.0
2016-06-17;23;0.7200000000000001;359.0;20.4;78.0
2016-06-18;0;0.7200000000000001;279.0;19.7;82.0
2016-06-18;1;0.36000000000000004;342.0;19.1;85.0
2016-06-18;2;0.36000000000000004;305.0;18.6;86.0
2016-06-18;3;0.36000000000000004;264.0;18.2;87.0
2016-06-18;4;0.36000000000000004;300.0;17.2;87.0
2016-06-18;5;0.36000000000000004;251.0;17.2;
2016-06-18;6;0.36000000000000004;212.0;18.0;
2016-06-18;7;0.36000000000000004;1.0;19.9;81.0
2016-06-18;8;2.16;45.0;21.4;68.0
2016-06-18;9;4.680000000000001;67.0;23.4;55.0
2016-06-18;10;6.12;58.0;23.9;53.0
2016-06-18;11;6.48;72.0;24.1;53.0
2016-06-18;12;6.84;78.0;25.0;51.0
2016-06-18;13;6.84;72.0;25.5;51.0
2016-06-18;14;10.44;63.0;25.0;53.0
2016-06-18;15;7.5600000000000005;61.0;25.6;49.0
2016-06-18;16;10.8;58.0;25.3;50.0
2016-06-18;17;7.920000000000001;55.0;24.9;50.0
2016-06-18;18;2.16;87.0;25.5;42.0
2016-06-18;19;3.24;45.0;23.4;50.0
2016-06-18;20;1.08;28.0;20.9;62.0
2016-06-18;21;1.4400000000000002;36.0;19.5;72.0
2016-06-18;22;0.7200000000000001;24.0;18.7;77.0
2016-06-18;23;0.7200000000000001;335.0;17.1;84.0
