FECHA;HORA;Veloc.;Direc.;Temp.;H.Rel.
2015-06-07;0;0.36000000000000004;263.0;14.3;58.0
2015-06-07;1;0.36000000000000004;263.0;13.5;62.0
2015-06-07;2;0.36000000000000004;271.0;12.9;65.0
2015-06-07;3;0.36000000000000004;254.0;12.5;67.0
2015-06-07;4;0.36000000000000004;241.0;12.0;71.0
2015-06-07;5;0.36000000000000004;228.0;11.6;73.0
2015-06-07;6;0.36000000000000004;168.0;13.2;68.0
2015-06-07;7;0.36000000000000004;60.0;17.3;53.0
2015-06-07;8;0.7200000000000001;64.0;19.9;46.0
2015-06-07;9;1.08;56.0;23.0;35.0
2015-06-07;10;2.16;78.0;25.9;23.0
2015-06-07;11;5.760000000000001;104.0;26.6;19.0
2015-06-07;12;5.04;114.0;27.1;19.0
2015-06-07;13;5.4;112.0;27.7;19.0
2015-06-07;14;6.48;110.0;28.1;18.0
2015-06-07;15;6.84;109.0;27.7;21.0
2015-06-07;16;6.84;106.0;27.0;22.0
2015-06-07;17;6.48;111.0;24.9;25.0
2015-06-07;18;3.24;125.0;23.1;28.0
2015-06-07;19;2.8800000000000003;105.0;21.9;33.0
2015-06-07;20;0.36000000000000004;315.0;20.0;42.0
2015-06-07;21;0.36000000000000004;242.0;17.8;50.0
2015-06-07;22;0.36000000000000004;208.0;16.4;53.0
2015-06-07;23;0.36000000000000004;240.0;15.3;57.0
2015-06-08;0;0.36000000000000004;261.0;14.3;59.0
2015-06-08;1;0.36000000000000004;251.0;13.5;62.0
2015-06-08;2;0.36000000000000004;249.0;12.9;64.0
2015-06-08;3;0.36000000000000004;237.0;12.4;66.0
2015-06-08;4;0.36000000000000004;238.0;12.1;66.0
2015-06-08;5;0.36000000000000004;238.0;11.8;67.0
2015-06-08;6;0.36000000000000004;188.0;13.4;60.0
2015-06-08;7;0.36000000000000004;119.0;17.4;47.0
2015-06-08;8;0.36000000000000004;114.0;20.3;40.0
2015-06-08;9;1.08;56.0;23.5;32.0
2015-06-08;10;1.8;57.0;26.7;23.0
2015-06-08;11;2.52;53.0;27.9;20.0
2015-06-08;12;5.04;103.0;28.0;23.0
2015-06-08;13;5.4;99.0;28.9;23.0
2015-06-08;14;5.4;102.0;29.0;22.0
2015-06-08;15;7.5600000000000005;103.0;28.4;23.0
2015-06-08;16;6.12;107.0;27.8;23.0
2015-06-08;17;4.680000000000001;116.0;25.9;27.0
2015-06-08;18;1.8;102.0;24.0;32.0
2015-06-08;19;4.680000000000001;104.0;22.9;34.0
2015-06-08;20;1.8;70.0;21.5;38.0
2015-06-08;21;0.36000000000000004;231.0;19.2;47.0
2015-06-08;22;0.36000000000000004;251.0;17.7;53.0
2015-06-08;23;0.7200000000000001;197.0;16.8;55.0
2015-06-09;0;0.36000000000000004;252.0;16.5;57.0
2015-06-09;1;0.7200000000000001;250.0;15.9;59.0
2015-06-09;2;1.08;254.0;15.2;63.0
2015-06-09;3;0.36000000000000004;253.0;15.0;64.0
2015-06-09;4;0.7200000000000001;249.0;14.6;66.0
2015-06-09;5;0.7200000000000001;250.0;13.9;70.0
2015-06-09;6;0.7200000000000001;270.0;14.0;70.0
2015-06-09;7;0.36000000000000004;103.0;17.0;60.0
2015-06-09;8;0.36000000000000004;111.0;18.2;57.0
2015-06-09;9;0.7200000000000001;92.0;23.0;40.0
2015-06-09;10;1.8;83.0;26.1;29.0
2015-06-09;11;3.9600000000000004;98.0;27.5;26.0
2015-06-09;12;9.0;107.0;27.0;31.0
2015-06-09;13;9.0;108.0;26.4;38.0
2015-06-09;14;9.0;110.0;26.0;37.0
2015-06-09;15;5.760000000000001;81.0;23.6;43.0
2015-06-09;16;0.7200000000000001;108.0;21.3;46.0
2015-06-09;17;0.7200000000000001;157.0;21.9;47.0
2015-06-09;18;0.36000000000000004;352.0;21.4;52.0
2015-06-09;19;0.36000000000000004;170.0;20.5;58.0
2015-06-09;20;1.4400000000000002;233.0;17.9;78.0
2015-06-09;21;0.36000000000000004;226.0;17.7;78.0
2015-06-09;22;0.7200000000000001;236.0;17.7;79.0
2015-06-09;23;1.4400000000000002;233.0;16.1;97.0
2015-06-10;0;0.7200000000000001;227.0;15.9;
2015-06-10;1;0.7200000000000001;225.0;15.9;
2015-06-10;2;1.08;195.0;15.8;
2015-06-10;3;0.7200000000000001;226.0;14.8;
2015-06-10;4;1.8;238.0;14.8;
2015-06-10;5;1.4400000000000002;258.0;14.6;
2015-06-10;6;0.7200000000000001;213.0;14.8;
2015-06-10;7;0.36000000000000004;146.0;16.0;97.0
2015-06-10;8;0.36000000000000004;63.0;18.8;84.0
2015-06-10;9;0.36000000000000004;107.0;19.5;75.0
2015-06-10;10;0.7200000000000001;67.0;20.4;71.0
2015-06-10;11;3.24;104.0;21.7;66.0
2015-06-10;12;2.52;77.0;23.5;58.0
2015-06-10;13;5.4;100.0;23.6;57.0
2015-06-10;14;6.12;126.0;22.3;65.0
2015-06-10;15;5.760000000000001;109.0;22.2;66.0
2015-06-10;16;7.5600000000000005;106.0;21.7;66.0
2015-06-10;17;5.4;107.0;20.6;69.0
2015-06-10;18;2.52;114.0;20.1;70.0
2015-06-10;19;0.36000000000000004;159.0;19.3;75.0
2015-06-10;20;0.7200000000000001;239.0;18.0;82.0
2015-06-10;21;0.36000000000000004;263.0;16.8;88.0
2015-06-10;22;0.36000000000000004;209.0;16.3;88.0
2015-06-10;23;0.7200000000000001;239.0;15.7;91.0
