Fecha;Hora;Velocidad;Direccion;Temperatura;Humedad
2018-08-06;0;2.8800000000000003;201.0;28.5;75.0
2018-08-06;1;6.84;96.0;26.3;90.0
2018-08-06;2;9.0;329.0;26.3;80.0
2018-08-06;3;3.9600000000000004;57.0;25.9;79.0
2018-08-06;4;1.4400000000000002;100.0;24.8;82.0
2018-08-06;5;1.4400000000000002;100.0;24.3;82.0
2018-08-06;6;1.08;129.0;23.7;87.0
2018-08-06;7;0.7200000000000001;124.0;25.4;78.0
2018-08-06;8;1.08;184.0;28.8;63.0
2018-08-06;9;1.08;296.0;31.1;53.0
2018-08-06;10;1.8;139.0;33.6;42.0
2018-08-06;11;1.8;57.0;36.3;31.0
2018-08-06;12;6.12;84.0;37.9;28.0
2018-08-06;13;20.88;119.0;36.7;37.0
2018-08-06;14;23.040000000000003;111.0;36.5;41.0
2018-08-06;15;23.040000000000003;135.0;37.2;35.0
2018-08-06;16;11.16;230.0;36.9;31.0
2018-08-06;17;5.4;258.0;37.2;31.0
2018-08-06;18;4.680000000000001;265.0;36.0;33.0
2018-08-06;19;8.28;286.0;33.6;38.0
2018-08-06;20;3.24;293.0;32.2;44.0
2018-08-06;21;6.12;213.0;31.5;32.0
2018-08-06;22;3.6;73.0;30.5;34.0
2018-08-06;23;11.879999999999999;339.0;28.6;69.0
2018-08-07;0;1.4400000000000002;273.0;27.8;79.0
2018-08-07;1;0.7200000000000001;227.0;26.7;82.0
2018-08-07;2;1.08;225.0;25.7;85.0
2018-08-07;3;0.7200000000000001;231.0;24.8;86.0
2018-08-07;4;0.7200000000000001;104.0;24.1;83.0
2018-08-07;5;1.08;103.0;23.0;92.0
2018-08-07;6;0.7200000000000001;259.0;23.0;87.0
2018-08-07;7;0.7200000000000001;107.0;24.6;81.0
2018-08-07;8;1.08;216.0;28.8;64.0
2018-08-07;9;1.4400000000000002;51.0;31.2;54.0
2018-08-07;10;1.8;139.0;33.2;39.0
2018-08-07;11;2.52;75.0;34.8;36.0
2018-08-07;12;5.4;123.0;36.3;35.0
2018-08-07;13;6.48;142.0;37.2;34.0
2018-08-07;14;9.360000000000001;136.0;37.6;35.0
2018-08-07;15;11.16;128.0;38.0;34.0
2018-08-07;16;15.48;117.0;37.7;34.0
2018-08-07;17;14.4;125.0;36.8;33.0
2018-08-07;18;9.72;91.0;34.5;33.0
2018-08-07;19;19.8;303.0;30.5;62.0
2018-08-07;20;24.12;10.0;27.5;52.0
2018-08-07;21;5.04;264.0;24.8;72.0
2018-08-07;22;3.24;184.0;24.7;74.0
2018-08-07;23;7.2;96.0;23.8;76.0
2018-08-08;0;2.52;294.0;24.7;71.0
2018-08-08;1;1.4400000000000002;325.0;25.0;70.0
2018-08-08;2;2.52;73.0;24.8;66.0
2018-08-08;3;1.08;251.0;23.1;77.0
2018-08-08;4;1.08;135.0;22.2;83.0
2018-08-08;5;2.16;75.0;21.9;82.0
2018-08-08;6;1.4400000000000002;105.0;21.3;83.0
2018-08-08;7;0.7200000000000001;193.0;23.7;76.0
2018-08-08;8;1.08;206.0;27.1;60.0
2018-08-08;9;1.08;246.0;29.5;52.0
2018-08-08;10;1.4400000000000002;74.0;31.3;50.0
2018-08-08;11;6.12;102.0;32.7;47.0
2018-08-08;12;16.2;119.0;32.8;49.0
2018-08-08;13;21.96;117.0;32.7;54.0
2018-08-08;14;24.840000000000003;114.0;32.7;54.0
2018-08-08;15;20.88;98.0;33.0;53.0
2018-08-08;16;16.92;99.0;32.5;52.0
2018-08-08;17;12.96;341.0;30.1;61.0
2018-08-08;18;4.680000000000001;241.0;27.1;72.0
2018-08-08;19;2.8800000000000003;33.0;27.4;72.0
2018-08-08;20;4.32;302.0;26.6;83.0
2018-08-08;21;3.24;226.0;26.4;86.0
2018-08-08;22;3.24;253.0;26.2;89.0
2018-08-08;23;3.6;106.0;25.1;95.0
