Fecha;X;Temperatura;Humedad;Velocidad;Direccion;Theta
2016-06-16 17:00:00;0.0;29.96;24.54;6.02;0.0;4.39822971502571
2016-06-16 17:30:00;0.0375;29.33;25.07;5.28;0.0;4.360724622590781
2016-06-16 18:00:00;0.075;28.81;25.06;5.6000000000000005;0.0;4.4156830075456535
2016-06-16 18:30:00;0.1124999999999999;28.19;25.65;5.1;0.0;4.496821331280441
2016-06-16 19:00:00;0.15;26.79;27.27;4.59;0.0;4.537856055185257
2016-06-16 19:30:00;0.1875;25.31;29.12;3.72;0.0;4.4995172710902285
2016-06-16 20:00:00;0.2249999999999999;23.96;31.72;1.74;0.0;4.4505895925855405
2016-06-16 20:30:00;0.2625;22.54;34.16;1.72;0.0;4.4464482504561165
2016-06-16 21:00:00;0.3;21.72;37.259999999999984;2.330000000000001;0.0;4.380776422505767
2016-06-16 21:30:00;0.3374999999999999;18.630000000000003;46.56999999999999;1.2800000000000002;0.0;4.130247956019487
2016-06-16 22:00:00;0.375;16.92;51.98;2.18;0.0;3.665191429188092
2016-06-16 22:30:00;0.4125;16.78;51.13;1.8800000000000008;0.0;3.0897420026427804
2016-06-16 23:00:00;0.4499999999999999;16.11;54.83;1.75;0.0;2.949606435870417
2016-06-16 23:30:00;0.4875;15.160000000000002;58.65999999999999;1.2000000000000006;0.0;3.621340339514056
2016-06-17 00:00:00;0.525;14.018025148304574;63.31837081895357;1.2968428482319432;0.0;4.363323129985823
2016-06-17 00:30:00;0.5625;14.22;61.87;1.8;0.0;4.426953522254515
2016-06-17 01:00:00;0.6;16.139999999999997;52.40000000000001;2.119999999999999;0.0;4.153883619746506
2016-06-17 01:30:00;0.6375;16.09;52.85999999999999;2.4399999999999986;0.0;4.030479602945493
2016-06-17 02:00:00;0.6749999999999999;16.61;51.21000000000001;2.730000000000001;0.0;4.031710572106902
2016-06-17 02:30:00;0.7125;16.59;51.02;2.07;0.0;4.0362722418686365
2016-06-17 03:00:00;0.75;15.9;54.56;1.6;0.0;4.049163864626845
2016-06-17 03:30:00;0.7875;14.780000000000005;58.82999999999999;1.37;0.0;4.091053016996119
2016-06-17 04:00:00;0.825;14.4;60.42;1.729999999999999;0.0;4.118977034706617
2016-06-17 04:30:00;0.8624999999999999;14.18;61.48;1.7399999999999998;0.0;4.090848418757316
2016-06-17 05:00:00;0.8999999999999999;14.55;60.08;2.09;0.0;4.031710572106902
2016-06-17 05:30:00;0.9375;16.13;56.16;3.01;0.0;3.982344497460221
2016-06-17 06:00:00;0.975;18.439999999999998;51.46000000000002;3.689999999999999;0.0;3.979350694547071
2016-06-17 06:30:00;1.0125;21.559999999999985;46.240000000000016;4.089999999999997;0.0;4.034774007013645
2016-06-17 07:00:00;1.05;23.16;44.38;4.22;0.0;4.066617157146788
2016-06-17 07:30:00;1.0875;25.01999999999999;40.30000000000002;3.0800000000000045;0.0;4.023008014261753
2016-06-17 08:00:00;1.125;25.89;38.77;3.17;0.0;4.066617157146788
2016-06-17 08:30:00;1.1625;26.01;38.81000000000001;3.389999999999997;0.0;4.2903501713400125
2016-06-17 09:00:00;1.2;26.77;36.95000000000001;4.099999999999998;0.0;4.293509959906053
2016-06-17 09:30:00;1.2375;27.41;35.960000000000015;3.810000000000002;0.0;3.775981265462101
2016-06-17 10:00:00;1.275;28.789999999999992;32.67000000000002;4.119999999999993;0.0;3.3335788713091707
2016-06-17 10:30:00;1.3125;29.62;31.76;5.31;0.0;3.517534522367145
2016-06-17 11:00:00;1.35;29.24;31.98;4.5600000000000005;0.0;3.804817769347638
2016-06-17 11:30:00;1.3875;29.489999999999995;30.580000000000013;5.249999999999997;0.0;3.645428721814488
2016-06-17 12:00:00;1.425;30.1;29.62;4.75;0.0;3.455751918948773
2016-06-17 12:30:00;1.4625;29.25;30.98;3.989999999999997;0.0;3.649734731789245
2016-06-17 13:00:00;1.5;30.0;30.78;7.05;0.0;3.665191429188092
2016-06-17 13:30:00;1.5375;27.350000000000016;37.04999999999996;13.079999999999984;0.0;2.9744727321495947
2016-06-17 14:00:00;1.575;26.469999999999995;39.830000000000005;12.120000000000012;0.0;2.164208272472972
2016-06-17 14:30:00;1.6125;26.98;38.05;10.779999999999994;0.0;1.883850243905764
2016-06-17 15:00:00;1.65;26.69;41.11999999999999;10.239999999999997;0.0;1.9198621771937616
2016-06-17 15:30:00;1.6875;27.05;41.51;10.99;0.0;1.921233889556971
2016-06-17 16:00:00;1.725;27.69;41.21;9.200000000000008;0.0;1.85004900711399
2016-06-17 16:30:00;1.7625;27.850000000000005;41.29;8.760000000000002;0.0;1.7649460280045313
2016-06-17 17:00:00;1.7999999999999998;27.26;41.3;8.38;0.0;1.7976891295541593
2016-06-17 17:30:00;1.8375;27.75;39.56000000000001;9.43;0.0;2.014556285989182
2016-06-17 18:00:00;1.875;27.28;40.12;7.3;0.0;2.146754979953025
2016-06-17 18:30:00;1.9125;27.28;38.78000000000001;5.980000000000008;0.0;1.9752545715204093
2016-06-17 19:00:00;1.95;27.130000000000003;38.57;5.369999999999994;0.0;1.8151424220741028
2016-06-17 19:30:00;1.9875;26.48;38.9;6.98;0.0;2.0312041578303672
2016-06-17 20:00:00;2.025;25.60000000000001;40.53999999999999;5.1300000000000185;0.0;2.652900463031372
2016-06-17 20:30:00;2.0625;24.5;42.23;4.77;0.0;3.5724018249686718
2016-06-17 21:00:00;2.1;23.78;49.73;4.53;0.0;4.468042885105484
2016-06-17 21:30:00;2.1375;22.34000000000001;68.20999999999985;5.569999999999992;0.0;5.079106833310383
2016-06-17 22:00:00;2.175;21.680000000000003;69.87000000000002;5.110000000000014;0.0;5.60250689890179
2016-06-17 22:30:00;2.2125;21.350000000000005;70.97999999999998;3.420000000000025;0.0;6.178830530522078
2016-06-17 23:00:00;2.25;20.51;74.65;1.61;0.0;6.265732014659642
2016-06-17 23:30:00;2.2875;19.39;81.2;1.86;0.0;5.49394685836163
2016-06-18 00:00:00;2.325;19.535277951962197;82.31654351584758;2.0561192293158506;0.0;4.86946861306418
2016-06-18 00:30:00;2.3625;19.94;81.2;1.7400000000000055;0.0;5.305525458327683
2016-06-18 01:00:00;2.4;19.25000000000001;83.09999999999997;1.310000000000003;0.0;5.969026041820603
2016-06-18 01:30:00;2.4375;17.830000000000016;86.39999999999996;1.269999999999999;0.0;5.893246720276665
2016-06-18 02:00:00;2.475;16.63000000000001;88.99999999999997;1.3699999999999992;0.0;5.323254218582713
2016-06-18 02:30:00;2.5125;16.050000000000004;91.29999999999995;1.360000000000002;0.0;4.771435639016353
2016-06-18 03:00:00;2.55;15.9;91.9;1.170000000000001;0.0;4.607669225265028
2016-06-18 03:30:00;2.5875;15.850000000000003;92.5;1.1999999999999995;0.0;4.973042349445645
2016-06-18 04:00:00;2.625;15.699999999999998;92.9;1.2099999999999995;0.0;5.235987755982991
2016-06-18 04:30:00;2.6625;16.179999999999996;93.0;1.2500000000000004;0.0;4.849912614425167
2016-06-18 05:00:00;2.7;16.33;92.4;1.1600000000000006;0.0;4.380776422505769
2016-06-18 05:30:00;2.7375;16.439999999999994;92.4;1.1500000000000004;0.0;4.3139751109454965
2016-06-18 06:00:00;2.775;17.60999999999998;91.60000000000004;1.2799999999999927;0.0;3.700098014227994
2016-06-18 06:30:00;2.8125;19.14;86.3;1.87;0.0;1.7833810784652624
2016-06-18 07:00:00;2.85;20.53;78.1;1.52;0.0;0.0174532925199432
2016-06-18 07:30:00;2.8875;21.84999999999999;67.6600000000001;4.319999999999963;0.0;-0.1137675946683217
2016-06-18 08:00:00;2.925;22.77999999999999;60.98000000000005;6.209999999999995;0.0;0.7853981633974358
2016-06-18 08:30:00;2.9625;23.559999999999988;58.22000000000002;5.570000000000015;0.0;1.588570812603515
2016-06-18 09:00:00;3.0;24.2;55.400000000000006;5.12;0.0;1.169370598836201
