;Fecha;X;Temperatura;Humedad;Velocidad;Direccion
0;2018-08-06 14:30:00;0.0;34.41;47.41;16.79;135.0
1;2018-08-06 15:00:00;0.02803738317757;34.96;44.70000000000001;10.89;193.2285830467308
2;2018-08-06 15:30:00;0.0560747663551401;36.400000000000006;37.28000000000001;6.649999999999999;229.49182911046944
3;2018-08-06 16:00:00;0.0841121495327102;35.15;36.580000000000005;11.420000000000002;249.2143452008345
4;2018-08-06 16:30:00;0.1121495327102803;35.56;34.65;5.940000000000002;257.8207383274448
5;2018-08-06 17:00:00;0.1401869158878504;36.46;32.45;4.32;260.8832381751697
6;2018-08-06 17:30:00;0.1682242990654205;36.03;32.38;4.1000000000000005;264.6354056739843
7;2018-08-06 18:00:00;0.1962616822429906;34.12;36.00999999999999;3.140000000000001;273.8170769251862
8;2018-08-06 18:30:00;0.2242990654205607;32.15;40.39999999999999;4.529999999999998;285.20733633324795
9;2018-08-06 19:00:00;0.2523364485981308;31.370000000000005;44.30999999999997;9.149999999999991;293.3672826030505
10;2018-08-06 19:30:00;0.2803738317757009;29.520000000000003;62.67999999999997;9.110000000000008;293.556533393389
11;2018-08-06 20:00:00;0.308411214953271;28.800000000000004;63.55;4.170000000000009;278.1529951540856
12;2018-08-06 20:30:00;0.3364485981308411;28.16;63.96000000000002;2.1400000000000023;223.0513971245068
13;2018-08-06 21:00:00;0.3644859813084112;28.1;46.20000000000003;1.15;118.68563313167562
14;2018-08-06 21:30:00;0.3925233644859813;28.33;42.97;1.5799999999999994;68.09513530907788
15;2018-08-06 22:00:00;0.4205607476635514;28.230000000000004;43.09000000000001;2.059999999999996;176.33280360064342
16;2018-08-06 22:30:00;0.4485981308411215;28.47;40.66999999999998;6.30999999999999;325.42374302437054
17;2018-08-06 23:00:00;0.4766355140186916;27.550000000000004;60.25999999999996;9.45;347.8299397454494
18;2018-08-06 23:30:00;0.5046728971962616;26.56;72.64999999999998;4.810000000000011;283.76060067370565
19;2018-08-07 00:00:00;0.5327102803738317;25.51217457660597;82.4362182472139;5.88586614548578;240.18350544313373
20;2018-08-07 00:30:00;0.5607476635514018;24.79;88.49999999999997;6.810000000000009;228.08749803840143
21;2018-08-07 01:00:00;0.5887850467289719;24.63;88.2;1.2200000000000149;222.40481432509665
22;2018-08-07 01:30:00;0.616822429906542;24.28;89.5;1.1999999999999935;223.0687122426185
23;2018-08-07 02:00:00;0.6448598130841121;24.26;90.4;2.220000000000001;236.61052797844297
24;2018-08-07 02:30:00;0.6728971962616822;23.82;91.29999999999998;1.1500000000000028;236.9704175705137
25;2018-08-07 03:00:00;0.7009345794392523;23.42;92.8;1.15;190.2231344762945
26;2018-08-07 03:30:00;0.7289719626168224;23.41;92.9;1.2199999999999978;119.32201902868648
27;2018-08-07 04:00:00;0.7570093457943925;23.23;93.0;2.139999999999997;73.04285406857859
28;2018-08-07 04:30:00;0.7850467289719626;23.45;92.4;2.040000000000003;86.14885560351166
29;2018-08-07 05:00:00;0.8130841121495327;23.210000000000004;92.3;1.1900000000000022;175.20226905645671
30;2018-08-07 05:30:00;0.8411214953271028;22.620000000000005;90.9;1.1499999999999988;256.4123792617988
31;2018-08-07 06:00:00;0.8691588785046729;23.0;88.10000000000001;1.44;212.16879321622164
32;2018-08-07 06:30:00;0.897196261682243;23.959999999999997;80.40000000000005;1.5399999999999974;117.68549917594684
33;2018-08-07 07:00:00;0.9252336448598132;26.13999999999999;70.88000000000001;2.3999999999999995;135.90453312856832
34;2018-08-07 07:30:00;0.9532710280373832;28.01;68.93000000000002;2.259999999999995;210.61265184618344
35;2018-08-07 08:00:00;0.9813084112149532;27.87;68.26000000000002;4.329999999999996;174.11944828252112
36;2018-08-07 08:30:00;1.0093457943925233;28.799999999999983;63.43000000000007;3.5900000000000105;70.29406074304063
37;2018-08-07 09:00:00;1.0373831775700937;30.79;53.49;2.85;60.60256789509238
38;2018-08-07 09:30:00;1.0654205607476634;32.07;47.42000000000001;3.459999999999995;124.8186699664576
39;2018-08-07 10:00:00;1.0934579439252337;32.32999999999999;48.46999999999999;3.8;132.7470401423914
40;2018-08-07 10:30:00;1.1214953271028036;33.379999999999995;47.320000000000014;4.269999999999987;86.80219046960812
41;2018-08-07 11:00:00;1.1495327102803738;33.39;47.27;6.45;76.27062605336285
42;2018-08-07 11:30:00;1.1775700934579438;33.72;47.48;7.559999999999994;109.29219254740168
43;2018-08-07 12:00:00;1.205607476635514;33.809999999999995;46.48;8.659999999999986;136.27962910387888
44;2018-08-07 12:30:00;1.233644859813084;34.04;46.02000000000001;10.130000000000004;142.5076372595746
45;2018-08-07 13:00:00;1.2616822429906542;34.26;45.32;8.82;140.46573743831524
46;2018-08-07 13:30:00;1.2897196261682242;34.72999999999999;45.42;11.009999999999994;137.22373574337678
47;2018-08-07 14:00:00;1.3177570093457944;35.26;44.08000000000001;10.179999999999994;134.74365930305814
48;2018-08-07 14:30:00;1.3457943925233644;35.23;42.45000000000001;13.209999999999972;131.22895917150473
49;2018-08-07 15:00:00;1.3738317757009346;35.03;42.51;14.29;122.43445479128634
50;2018-08-07 15:30:00;1.4018691588785046;35.29;40.420000000000016;11.689999999999998;115.16136359805115
51;2018-08-07 16:00:00;1.4299065420560748;35.44;40.32000000000001;15.109999999999976;124.48933827773196
52;2018-08-07 16:30:00;1.4579439252336448;35.03000000000001;39.19;15.550000000000008;134.0643358072996
53;2018-08-07 17:00:00;1.485981308411215;34.06;39.78;15.6;101.84306005869082
54;2018-08-07 17:30:00;1.514018691588785;32.93000000000001;36.93000000000001;16.60000000000003;68.79400119891895
55;2018-08-07 18:00:00;1.5420560747663552;32.41;37.95;8.880000000000061;150.5857705846353
56;2018-08-07 18:30:00;1.5700934579439252;32.17;35.96999999999998;6.719999999999964;288.6659925695867
57;2018-08-07 19:00:00;1.5981308411214954;30.79;47.31;16.26;252.3989423346324
58;2018-08-07 19:30:00;1.6261682242990654;26.30000000000001;63.94;23.46000000000001;65.97113203473512
59;2018-08-07 20:00:00;1.6542056074766356;27.589999999999986;48.84000000000013;14.790000000000074;27.67505243107449
60;2018-08-07 20:30:00;1.6822429906542056;27.360000000000028;49.06999999999985;9.590000000000025;184.2034567920712
61;2018-08-07 21:00:00;1.7102803738317758;23.14;73.36;6.97;287.07979555683875
62;2018-08-07 21:30:00;1.7383177570093458;23.03;72.35;4.32;240.1283010334214
63;2018-08-07 22:00:00;1.766355140186916;22.38;78.52999999999999;6.559999999999983;146.489371600276
64;2018-08-07 22:30:00;1.794392523364486;23.07999999999999;71.33000000000006;6.520000000000014;90.98303819172034
65;2018-08-07 23:00:00;1.822429906542056;23.639999999999997;67.30000000000003;5.1599999999999895;119.69655511648416
66;2018-08-07 23:30:00;1.8504672897196264;25.059999999999988;62.590000000000046;8.379999999999983;224.23085070258583
67;2018-08-08 00:00:00;1.878504672897196;26.05993393502143;58.19216945489596;7.421482353486144;328.0744401259813
68;2018-08-08 00:30:00;1.9065420560747663;25.400000000000016;61.05999999999993;4.870000000000006;362.7953853414349
69;2018-08-08 01:00:00;1.9345794392523363;23.430000000000007;70.68999999999997;4.440000000000014;279.38160725104024
70;2018-08-08 01:30:00;1.9626168224299063;23.47;68.76;1.8500000000000112;124.91608849704566
71;2018-08-08 02:00:00;1.9906542056074763;22.73000000000001;73.04999999999995;2.5199999999999747;81.26743443532436
72;2018-08-08 02:30:00;2.0186915887850465;22.969999999999988;70.47000000000011;3.53;188.6326216633409
73;2018-08-08 03:00:00;2.046728971962617;23.21;64.27;3.8;256.6911751574123
74;2018-08-08 03:30:00;2.074766355140187;22.33;70.79;6.46;196.9537093662393
75;2018-08-08 04:00:00;2.102803738317757;21.360000000000007;77.37999999999994;3.560000000000052;114.79575410903512
76;2018-08-08 04:30:00;2.130841121495327;21.15;78.52000000000002;1.8200000000000167;80.34540008670892
77;2018-08-08 05:00:00;2.1588785046728973;21.19;74.4;1.15;74.89833184069161
78;2018-08-08 05:30:00;2.1869158878504678;21.39;73.16000000000001;1.4900000000000064;84.07982859133428
79;2018-08-08 06:00:00;2.2149532710280373;21.689999999999987;72.57000000000001;1.1499999999999766;116.24054510653843
80;2018-08-08 06:30:00;2.2429906542056077;23.01999999999998;72.25;3.6099999999999866;165.79617557766375
81;2018-08-08 07:00:00;2.2710280373831777;24.07;71.85;2.83;196.9544419674297
82;2018-08-08 07:30:00;2.299065420560748;24.89;70.71;4.9;198.32345755730043
83;2018-08-08 08:00:00;2.3271028037383177;25.589999999999986;66.88000000000005;5.670000000000004;212.81873778249735
84;2018-08-08 08:30:00;2.355140186915888;26.459999999999983;64.08000000000004;5.27;249.5651479159588
85;2018-08-08 09:00:00;2.383177570093458;27.67;61.47;5.35;234.74350140194412
86;2018-08-08 09:30:00;2.411214953271028;28.76999999999997;58.03000000000008;4.0800000000000125;141.25290773820734
87;2018-08-08 10:00:00;2.439252336448598;30.529999999999983;53.340000000000046;5.219999999999942;66.4262578064216
88;2018-08-08 10:30:00;2.467289719626168;30.480000000000008;53.31999999999999;10.469999999999915;73.06284857863466
89;2018-08-08 11:00:00;2.4953271028037385;30.34;54.31;14.22;106.58271807098234
90;2018-08-08 11:30:00;2.5233644859813085;30.27;56.94;14.98;119.06516170376976
91;2018-08-08 12:00:00;2.5514018691588785;30.57;58.44999999999997;15.929999999999978;118.79126714099505
92;2018-08-08 12:30:00;2.5794392523364484;30.320000000000007;61.50999999999995;17.269999999999985;117.87621249307342
93;2018-08-08 13:00:00;2.607476635514019;29.86;63.69;17.81;116.8014316338637
94;2018-08-08 13:30:00;2.635514018691589;29.98999999999999;60.89000000000004;18.839999999999986;114.99146200046329
95;2018-08-08 14:00:00;2.663551401869159;30.21;60.58999999999998;19.75999999999998;113.9823627581317
96;2018-08-08 14:30:00;2.691588785046729;30.1;61.35000000000001;21.439999999999984;111.80342958959586
97;2018-08-08 15:00:00;2.719626168224299;30.42;60.06000000000002;20.22000000000007;95.45800416288976
98;2018-08-08 15:30:00;2.747663551401869;30.02;60.13;15.83;70.64975594121086
99;2018-08-08 16:00:00;2.7757009345794392;29.980000000000004;59.63;17.180000000000064;105.48295268561068
100;2018-08-08 16:30:00;2.803738317757009;29.26000000000001;60.61999999999997;10.080000000000023;234.04763805308116
101;2018-08-08 17:00:00;2.831775700934579;28.68000000000002;63.61999999999992;14.029999999999992;344.3176197325522
102;2018-08-08 17:30:00;2.8598130841121496;26.930000000000025;70.4299999999999;7.710000000000103;334.59922202491475
103;2018-08-08 18:00:00;2.88785046728972;26.379999999999995;74.37;4.810000000000029;236.39547909391672
104;2018-08-08 18:30:00;2.9158878504672896;26.679999999999996;71.53000000000003;4.009999999999957;111.869303251169
105;2018-08-08 19:00:00;2.94392523364486;27.029999999999998;71.45;8.409999999999972;32.36526318875954
106;2018-08-08 19:30:00;2.97196261682243;27.15;72.15;6.15;71.27746130545006
107;2018-08-08 20:00:00;3.0;26.31;76.04;8.64;301.99999999999994
